  **** NOW ITERATION            1  IS STARTING ****
 nm=  1 for molecule: C2   with presmo index  9
 CONS=0; idmol,it,t=   9   1  1006. because partp,akapmol=  1.29E-38  3.79E-09
 INTEGRATED ABS.COF. IN CM/MOL FOR C2  
 6.153E+09 6.274E+09 6.402E+09 6.531E+09 6.661E+09 6.793E+09 6.927E+09 7.060E+09
 7.194E+09 7.330E+09 7.468E+09 7.606E+09 7.746E+09 7.889E+09 8.033E+09 8.181E+09
 8.331E+09 8.483E+09 8.638E+09 8.795E+09 8.953E+09 9.112E+09 9.273E+09 9.434E+09
 9.597E+09 9.762E+09 9.928E+09 1.010E+10 1.027E+10 1.044E+10 1.061E+10 1.079E+10
 1.098E+10 1.118E+10 1.140E+10 1.160E+10 1.177E+10 1.192E+10 1.205E+10 1.217E+10
 1.227E+10 1.236E+10 1.244E+10 1.251E+10 1.257E+10 1.262E+10 1.266E+10 1.270E+10
 1.273E+10 1.275E+10 1.277E+10 1.278E+10 1.280E+10
 INTEGRATED OPACITY IN CM/g* FOR C2  
 7.693E-29 3.438E-28 1.501E-27 6.267E-27 2.521E-26 9.894E-26 3.785E-25 1.403E-24
 5.126E-24 1.856E-23 6.672E-23 2.360E-22 8.304E-22 2.921E-21 1.023E-20 3.583E-20
 1.256E-19 4.411E-19 1.549E-18 5.434E-18 1.900E-17 6.613E-17 2.290E-16 7.893E-16
 2.714E-15 9.328E-15 3.214E-14 1.114E-13 3.899E-13 1.384E-12 5.021E-12 1.865E-11
 7.289E-11 2.983E-10 1.542E-09 6.604E-09 2.507E-08 8.653E-08 2.750E-07 8.107E-07
 2.229E-06 5.730E-06 1.385E-05 3.167E-05 6.899E-05 1.440E-04 2.896E-04 5.631E-04
 1.063E-03 1.952E-03 3.501E-03 6.147E-03 1.059E-02
 nm=  2 for molecule: CaH  with presmo index215
 CONS=0; idmol,it,t= 215   1  1006. because partp,akapmol=  2.08E-09  1.00E-25
 INTEGRATED ABS.COF. IN CM/MOL FOR CaH 
 7.670E+10 7.686E+10 7.703E+10 7.720E+10 7.737E+10 7.754E+10 7.772E+10 7.789E+10
 7.806E+10 7.824E+10 7.842E+10 7.859E+10 7.877E+10 7.896E+10 7.914E+10 7.933E+10
 7.953E+10 7.973E+10 7.993E+10 8.013E+10 8.034E+10 8.055E+10 8.076E+10 8.098E+10
 8.120E+10 8.142E+10 8.165E+10 8.189E+10 8.214E+10 8.240E+10 8.268E+10 8.298E+10
 8.331E+10 8.367E+10 8.409E+10 8.442E+10 8.469E+10 8.493E+10 8.519E+10 8.553E+10
 8.599E+10 8.662E+10 8.744E+10 8.842E+10 8.954E+10 9.078E+10 9.213E+10 9.358E+10
 9.510E+10 9.669E+10 9.833E+10 1.000E+11 1.017E+11
 INTEGRATED OPACITY IN CM/g* FOR CaH 
 1.598E+02 2.079E+02 2.646E+02 3.303E+02 4.025E+02 4.798E+02 5.627E+02 6.500E+02
 7.431E+02 8.431E+02 9.522E+02 1.069E+03 1.199E+03 1.341E+03 1.497E+03 1.669E+03
 1.856E+03 2.061E+03 2.284E+03 2.526E+03 2.790E+03 3.077E+03 3.391E+03 3.734E+03
 4.110E+03 4.521E+03 4.971E+03 5.462E+03 5.999E+03 6.584E+03 7.220E+03 7.909E+03
 8.652E+03 9.445E+03 1.026E+04 1.111E+04 1.200E+04 1.295E+04 1.394E+04 1.499E+04
 1.609E+04 1.724E+04 1.846E+04 1.973E+04 2.104E+04 2.239E+04 2.376E+04 2.514E+04
 2.652E+04 2.787E+04 2.919E+04 3.046E+04 3.166E+04
 nm=  3 for molecule: CH   with presmo index  6
 CONS=0; idmol,it,t=   6   1  1006. because partp,akapmol=  3.62E-28  6.80E-26
 INTEGRATED ABS.COF. IN CM/MOL FOR CH  
 4.030E+09 4.037E+09 4.044E+09 4.052E+09 4.060E+09 4.069E+09 4.078E+09 4.088E+09
 4.098E+09 4.108E+09 4.119E+09 4.130E+09 4.141E+09 4.154E+09 4.166E+09 4.180E+09
 4.194E+09 4.209E+09 4.225E+09 4.241E+09 4.258E+09 4.276E+09 4.294E+09 4.313E+09
 4.334E+09 4.355E+09 4.377E+09 4.401E+09 4.425E+09 4.452E+09 4.480E+09 4.512E+09
 4.548E+09 4.588E+09 4.641E+09 4.692E+09 4.745E+09 4.800E+09 4.856E+09 4.913E+09
 4.972E+09 5.032E+09 5.094E+09 5.156E+09 5.219E+09 5.281E+09 5.343E+09 5.405E+09
 5.466E+09 5.526E+09 5.585E+09 5.644E+09 5.703E+09
 INTEGRATED OPACITY IN CM/g* FOR CH  
 1.458E-18 4.276E-18 1.256E-17 3.609E-17 1.013E-16 2.801E-16 7.616E-16 2.021E-15
 5.310E-15 1.386E-14 3.598E-14 9.223E-14 2.355E-13 6.014E-13 1.530E-12 3.896E-12
 9.929E-12 2.534E-11 6.469E-11 1.651E-10 4.203E-10 1.066E-09 2.696E-09 6.793E-09
 1.709E-08 4.300E-08 1.085E-07 2.752E-07 7.038E-07 1.822E-06 4.806E-06 1.293E-05
 3.632E-05 1.060E-04 3.749E-04 1.144E-03 3.175E-03 8.186E-03 1.979E-02 4.514E-02
 9.756E-02 2.002E-01 3.917E-01 7.343E-01 1.325E+00 2.313E+00 3.921E+00 6.473E+00
 1.043E+01 1.646E+01 2.546E+01 3.871E+01 5.793E+01
 nm=  4 for molecule: CN   with presmo index  8
 CONS=0; idmol,it,t=   8   1  1006. because partp,akapmol=  1.48E-22  1.11E-22
 INTEGRATED ABS.COF. IN CM/MOL FOR CN  
 6.040E+09 6.081E+09 6.124E+09 6.167E+09 6.210E+09 6.253E+09 6.296E+09 6.338E+09
 6.381E+09 6.423E+09 6.465E+09 6.507E+09 6.548E+09 6.590E+09 6.631E+09 6.672E+09
 6.713E+09 6.754E+09 6.793E+09 6.832E+09 6.870E+09 6.906E+09 6.940E+09 6.973E+09
 7.004E+09 7.033E+09 7.060E+09 7.084E+09 7.104E+09 7.120E+09 7.133E+09 7.140E+09
 7.140E+09 7.132E+09 7.109E+09 7.074E+09 7.029E+09 6.977E+09 6.917E+09 6.852E+09
 6.782E+09 6.711E+09 6.639E+09 6.567E+09 6.494E+09 6.421E+09 6.348E+09 6.276E+09
 6.204E+09 6.133E+09 6.064E+09 5.997E+09 5.931E+09
 INTEGRATED OPACITY IN CM/g* FOR CN  
 8.954E-13 1.925E-12 4.101E-12 8.593E-12 1.767E-11 3.588E-11 7.198E-11 1.419E-10
 2.778E-10 5.413E-10 1.051E-09 2.021E-09 3.878E-09 7.440E-09 1.424E-08 2.725E-08
 5.218E-08 9.997E-08 1.915E-07 3.667E-07 7.007E-07 1.336E-06 2.538E-06 4.811E-06
 9.107E-06 1.723E-05 3.263E-05 6.197E-05 1.182E-04 2.272E-04 4.412E-04 8.670E-04
 1.748E-03 3.606E-03 8.382E-03 1.767E-02 3.494E-02 6.576E-02 1.185E-01 2.053E-01
 3.431E-01 5.536E-01 8.653E-01 1.314E+00 1.947E+00 2.822E+00 4.010E+00 5.603E+00
 7.707E+00 1.045E+01 1.401E+01 1.856E+01 2.435E+01
 nm=  5 for molecule: CO   with presmo index  7
 CONS=0; idmol,it,t=   7   1  1006. because partp,akapmol=  1.97E-04  6.08E-33
 INTEGRATED ABS.COF. IN CM/MOL FOR CO  
 7.803E+10 7.807E+10 7.812E+10 7.816E+10 7.820E+10 7.825E+10 7.829E+10 7.833E+10
 7.837E+10 7.841E+10 7.845E+10 7.848E+10 7.852E+10 7.855E+10 7.859E+10 7.862E+10
 7.866E+10 7.870E+10 7.873E+10 7.877E+10 7.880E+10 7.883E+10 7.886E+10 7.890E+10
 7.893E+10 7.897E+10 7.901E+10 7.906E+10 7.912E+10 7.918E+10 7.927E+10 7.939E+10
 7.953E+10 7.968E+10 7.982E+10 7.987E+10 7.980E+10 7.971E+10 7.970E+10 7.988E+10
 8.035E+10 8.123E+10 8.253E+10 8.422E+10 8.626E+10 8.864E+10 9.133E+10 9.431E+10
 9.756E+10 1.011E+11 1.048E+11 1.088E+11 1.129E+11
 INTEGRATED OPACITY IN CM/g* FOR CO  
 1.537E+07 1.546E+07 1.538E+07 1.541E+07 1.542E+07 1.542E+07 1.544E+07 1.545E+07
 1.546E+07 1.546E+07 1.548E+07 1.547E+07 1.548E+07 1.549E+07 1.549E+07 1.550E+07
 1.551E+07 1.552E+07 1.552E+07 1.553E+07 1.554E+07 1.554E+07 1.555E+07 1.556E+07
 1.556E+07 1.557E+07 1.558E+07 1.559E+07 1.560E+07 1.561E+07 1.563E+07 1.565E+07
 1.568E+07 1.571E+07 1.574E+07 1.575E+07 1.574E+07 1.572E+07 1.572E+07 1.576E+07
 1.585E+07 1.603E+07 1.629E+07 1.663E+07 1.704E+07 1.751E+07 1.805E+07 1.865E+07
 1.930E+07 2.000E+07 2.075E+07 2.154E+07 2.237E+07
 nm=  6 for molecule: CO2  with presmo index 46
 CONS=0; idmol,it,t=  46   1  1006. because partp,akapmol=  1.05E-07  2.07E-27
 INTEGRATED ABS.COF. IN CM/MOL FOR CO2 
 7.927E+07 7.914E+07 7.898E+07 7.880E+07 7.861E+07 7.840E+07 7.817E+07 7.794E+07
 7.768E+07 7.741E+07 7.712E+07 7.682E+07 7.650E+07 7.617E+07 7.583E+07 7.548E+07
 7.512E+07 7.475E+07 7.436E+07 7.396E+07 7.355E+07 7.312E+07 7.269E+07 7.226E+07
 7.182E+07 7.137E+07 7.091E+07 7.043E+07 6.993E+07 6.941E+07 6.885E+07 6.825E+07
 6.760E+07 6.686E+07 6.587E+07 6.489E+07 6.390E+07 6.288E+07 6.181E+07 6.070E+07
 5.955E+07 5.837E+07 5.717E+07 5.596E+07 5.472E+07 5.347E+07 5.220E+07 5.092E+07
 4.963E+07 4.833E+07 4.704E+07 4.576E+07 4.449E+07
 INTEGRATED OPACITY IN CM/g* FOR CO2 
 8.338E+00 7.817E+00 7.234E+00 6.745E+00 6.295E+00 5.869E+00 5.489E+00 5.136E+00
 4.809E+00 4.503E+00 4.222E+00 3.955E+00 3.712E+00 3.483E+00 3.270E+00 3.071E+00
 2.884E+00 2.709E+00 2.545E+00 2.392E+00 2.249E+00 2.116E+00 1.992E+00 1.876E+00
 1.769E+00 1.668E+00 1.573E+00 1.485E+00 1.401E+00 1.321E+00 1.245E+00 1.173E+00
 1.102E+00 1.032E+00 9.545E-01 8.909E-01 8.365E-01 7.890E-01 7.468E-01 7.090E-01
 6.749E-01 6.440E-01 6.159E-01 5.901E-01 5.661E-01 5.435E-01 5.223E-01 5.020E-01
 4.826E-01 4.639E-01 4.459E-01 4.285E-01 4.116E-01
 nm=  7 for molecule: FeH  with presmo index216
 CONS=0; idmol,it,t= 216   1  1006. because partp,akapmol=  1.30E-12  1.94E-50
 INTEGRATED ABS.COF. IN CM/MOL FOR FeH 
 1.163E+10 1.139E+10 1.114E+10 1.089E+10 1.065E+10 1.040E+10 1.016E+10 9.921E+09
 9.685E+09 9.451E+09 9.221E+09 8.996E+09 8.775E+09 8.560E+09 8.351E+09 8.150E+09
 7.954E+09 7.765E+09 7.581E+09 7.401E+09 7.227E+09 7.056E+09 6.888E+09 6.721E+09
 6.556E+09 6.390E+09 6.224E+09 6.058E+09 5.889E+09 5.719E+09 5.546E+09 5.371E+09
 5.187E+09 4.997E+09 4.769E+09 4.568E+09 4.385E+09 4.216E+09 4.058E+09 3.910E+09
 3.772E+09 3.642E+09 3.522E+09 3.409E+09 3.303E+09 3.202E+09 3.107E+09 3.016E+09
 2.929E+09 2.846E+09 2.767E+09 2.690E+09 2.618E+09
 INTEGRATED OPACITY IN CM/g* FOR FeH 
 1.509E-02 2.011E-02 2.614E-02 3.368E-02 4.292E-02 5.414E-02 6.793E-02 8.470E-02
 1.053E-01 1.305E-01 1.618E-01 1.998E-01 2.469E-01 3.052E-01 3.771E-01 4.663E-01
 5.769E-01 7.143E-01 8.847E-01 1.096E+00 1.358E+00 1.683E+00 2.084E+00 2.579E+00
 3.192E+00 3.949E+00 4.888E+00 6.053E+00 7.502E+00 9.311E+00 1.158E+01 1.443E+01
 1.806E+01 2.269E+01 2.911E+01 3.652E+01 4.513E+01 5.510E+01 6.655E+01 7.953E+01
 9.409E+01 1.102E+02 1.279E+02 1.472E+02 1.681E+02 1.906E+02 2.149E+02 2.408E+02
 2.686E+02 2.982E+02 3.296E+02 3.631E+02 3.987E+02
 nm=  8 for molecule: H2O  with presmo index  4
 INTEGRATED ABS.COF. IN CM/MOL FOR H2O 
 2.339E+07 2.350E+07 2.362E+07 2.374E+07 2.388E+07 2.402E+07 2.418E+07 2.434E+07
 2.451E+07 2.469E+07 2.489E+07 2.509E+07 2.531E+07 2.554E+07 2.578E+07 2.605E+07
 2.633E+07 2.663E+07 2.694E+07 2.728E+07 2.763E+07 2.800E+07 2.839E+07 2.879E+07
 2.922E+07 2.967E+07 3.014E+07 3.064E+07 3.116E+07 3.170E+07 3.229E+07 3.291E+07
 3.359E+07 3.432E+07 3.522E+07 3.602E+07 3.678E+07 3.750E+07 3.817E+07 3.879E+07
 3.938E+07 3.994E+07 4.046E+07 4.096E+07 4.142E+07 4.185E+07 4.224E+07 4.261E+07
 4.295E+07 4.327E+07 4.356E+07 4.384E+07 4.412E+07
 INTEGRATED OPACITY IN CM/g* FOR H2O 
 3.229E+03 3.263E+03 3.264E+03 3.287E+03 3.310E+03 3.329E+03 3.355E+03 3.379E+03
 3.403E+03 3.428E+03 3.457E+03 3.482E+03 3.511E+03 3.543E+03 3.576E+03 3.612E+03
 3.650E+03 3.691E+03 3.733E+03 3.779E+03 3.826E+03 3.877E+03 3.929E+03 3.985E+03
 4.043E+03 4.105E+03 4.170E+03 4.239E+03 4.312E+03 4.390E+03 4.473E+03 4.562E+03
 4.659E+03 4.761E+03 4.885E+03 4.993E+03 5.092E+03 5.182E+03 5.264E+03 5.337E+03
 5.402E+03 5.459E+03 5.507E+03 5.547E+03 5.578E+03 5.600E+03 5.612E+03 5.615E+03
 5.609E+03 5.594E+03 5.570E+03 5.539E+03 5.500E+03
 nm=  9 for molecule: HCN  with presmo index 15
 CONS=0; idmol,it,t=  15   1  1006. because partp,akapmol=  2.90E-12  2.24E-26
 INTEGRATED ABS.COF. IN CM/MOL FOR HCN 
 2.514E+06 2.519E+06 2.524E+06 2.530E+06 2.536E+06 2.542E+06 2.548E+06 2.555E+06
 2.562E+06 2.569E+06 2.577E+06 2.584E+06 2.592E+06 2.601E+06 2.610E+06 2.620E+06
 2.630E+06 2.641E+06 2.653E+06 2.666E+06 2.679E+06 2.693E+06 2.708E+06 2.724E+06
 2.741E+06 2.759E+06 2.779E+06 2.801E+06 2.823E+06 2.848E+06 2.875E+06 2.904E+06
 2.937E+06 2.973E+06 3.017E+06 3.056E+06 3.091E+06 3.123E+06 3.151E+06 3.174E+06
 3.192E+06 3.207E+06 3.218E+06 3.226E+06 3.229E+06 3.229E+06 3.225E+06 3.218E+06
 3.208E+06 3.195E+06 3.180E+06 3.163E+06 3.146E+06
 INTEGRATED OPACITY IN CM/g* FOR HCN 
 7.279E-06 1.007E-05 1.328E-05 1.719E-05 2.188E-05 2.742E-05 3.409E-05 4.220E-05
 5.205E-05 6.408E-05 7.889E-05 9.693E-05 1.193E-04 1.467E-04 1.806E-04 2.224E-04
 2.739E-04 3.374E-04 4.158E-04 5.125E-04 6.319E-04 7.794E-04 9.618E-04 1.188E-03
 1.468E-03 1.815E-03 2.246E-03 2.781E-03 3.444E-03 4.266E-03 5.285E-03 6.548E-03
 8.109E-03 1.003E-02 1.236E-02 1.513E-02 1.845E-02 2.240E-02 2.708E-02 3.254E-02
 3.887E-02 4.613E-02 5.441E-02 6.379E-02 7.438E-02 8.631E-02 9.970E-02 1.147E-01
 1.316E-01 1.505E-01 1.718E-01 1.959E-01 2.230E-01
 nm= 10 for molecule: MgH  with presmo index 34
 CONS=0; idmol,it,t=  34   1  1006. because partp,akapmol=  2.49E-09  2.05E-32
 INTEGRATED ABS.COF. IN CM/MOL FOR MgH 
 2.141E+10 2.157E+10 2.174E+10 2.191E+10 2.209E+10 2.227E+10 2.246E+10 2.264E+10
 2.283E+10 2.303E+10 2.322E+10 2.342E+10 2.362E+10 2.382E+10 2.402E+10 2.423E+10
 2.444E+10 2.466E+10 2.487E+10 2.509E+10 2.530E+10 2.551E+10 2.572E+10 2.592E+10
 2.613E+10 2.633E+10 2.652E+10 2.671E+10 2.689E+10 2.706E+10 2.723E+10 2.738E+10
 2.752E+10 2.764E+10 2.774E+10 2.777E+10 2.776E+10 2.771E+10 2.762E+10 2.750E+10
 2.736E+10 2.720E+10 2.703E+10 2.685E+10 2.666E+10 2.646E+10 2.625E+10 2.604E+10
 2.582E+10 2.561E+10 2.539E+10 2.517E+10 2.496E+10
 INTEGRATED OPACITY IN CM/g* FOR MgH 
 5.334E+01 6.608E+01 7.965E+01 9.537E+01 1.131E+02 1.330E+02 1.559E+02 1.819E+02
 2.119E+02 2.464E+02 2.866E+02 3.325E+02 3.862E+02 4.486E+02 5.209E+02 6.050E+02
 7.028E+02 8.165E+02 9.485E+02 1.102E+03 1.279E+03 1.485E+03 1.724E+03 2.000E+03
 2.320E+03 2.692E+03 3.122E+03 3.621E+03 4.200E+03 4.871E+03 5.649E+03 6.551E+03
 7.601E+03 8.814E+03 1.027E+04 1.181E+04 1.349E+04 1.530E+04 1.724E+04 1.931E+04
 2.149E+04 2.378E+04 2.617E+04 2.865E+04 3.122E+04 3.388E+04 3.662E+04 3.946E+04
 4.239E+04 4.541E+04 4.854E+04 5.178E+04 5.515E+04
 nm= 11 for molecule: NH   with presmo index 13
 CONS=0; idmol,it,t=  13   1  1006. because partp,akapmol=  9.26E-22  5.30E-14
 INTEGRATED ABS.COF. IN CM/MOL FOR NH  
 1.441E+09 1.435E+09 1.429E+09 1.424E+09 1.418E+09 1.412E+09 1.407E+09 1.401E+09
 1.396E+09 1.391E+09 1.386E+09 1.381E+09 1.377E+09 1.372E+09 1.368E+09 1.363E+09
 1.359E+09 1.355E+09 1.352E+09 1.348E+09 1.345E+09 1.342E+09 1.339E+09 1.336E+09
 1.334E+09 1.333E+09 1.331E+09 1.330E+09 1.330E+09 1.330E+09 1.330E+09 1.331E+09
 1.334E+09 1.337E+09 1.341E+09 1.346E+09 1.352E+09 1.358E+09 1.364E+09 1.371E+09
 1.378E+09 1.386E+09 1.395E+09 1.404E+09 1.414E+09 1.424E+09 1.434E+09 1.444E+09
 1.455E+09 1.466E+09 1.476E+09 1.487E+09 1.498E+09
 INTEGRATED OPACITY IN CM/g* FOR NH  
 1.334E-12 2.821E-12 6.052E-12 1.289E-11 2.714E-11 5.672E-11 1.175E-10 2.387E-10
 4.820E-10 9.685E-10 1.939E-09 3.840E-09 7.583E-09 1.498E-08 2.949E-08 5.808E-08
 1.145E-07 2.260E-07 4.463E-07 8.808E-07 1.736E-06 3.410E-06 6.681E-06 1.306E-05
 2.548E-05 4.973E-05 9.728E-05 1.912E-04 3.783E-04 7.565E-04 1.537E-03 3.176E-03
 6.798E-03 1.504E-02 3.898E-02 8.976E-02 1.914E-01 3.845E-01 7.335E-01 1.336E+00
 2.334E+00 3.916E+00 6.330E+00 9.898E+00 1.503E+01 2.224E+01 3.215E+01 4.553E+01
 6.327E+01 8.641E+01 1.161E+02 1.538E+02 2.011E+02
 nm= 12 for molecule: OH   with presmo index  5
 CONS=0; idmol,it,t=   5   1  1006. because partp,akapmol=  4.79E-14  4.51E-25
 INTEGRATED ABS.COF. IN CM/MOL FOR OH  
 6.538E+08 6.487E+08 6.435E+08 6.383E+08 6.331E+08 6.280E+08 6.229E+08 6.180E+08
 6.131E+08 6.082E+08 6.034E+08 5.985E+08 5.938E+08 5.890E+08 5.842E+08 5.795E+08
 5.747E+08 5.700E+08 5.653E+08 5.605E+08 5.559E+08 5.512E+08 5.466E+08 5.421E+08
 5.376E+08 5.332E+08 5.288E+08 5.245E+08 5.201E+08 5.158E+08 5.115E+08 5.072E+08
 5.028E+08 4.984E+08 4.934E+08 4.893E+08 4.859E+08 4.829E+08 4.805E+08 4.783E+08
 4.765E+08 4.750E+08 4.737E+08 4.726E+08 4.717E+08 4.710E+08 4.703E+08 4.697E+08
 4.692E+08 4.688E+08 4.685E+08 4.683E+08 4.681E+08
 INTEGRATED OPACITY IN CM/g* FOR OH  
 3.134E-05 4.696E-05 7.233E-05 1.124E-04 1.744E-04 2.711E-04 4.208E-04 6.449E-04
 9.852E-04 1.501E-03 2.281E-03 3.439E-03 5.174E-03 7.786E-03 1.169E-02 1.755E-02
 2.636E-02 3.964E-02 5.962E-02 8.963E-02 1.346E-01 2.017E-01 3.015E-01 4.497E-01
 6.701E-01 9.986E-01 1.491E+00 2.232E+00 3.362E+00 5.104E+00 7.844E+00 1.221E+01
 1.955E+01 3.209E+01 5.955E+01 1.013E+02 1.631E+02 2.513E+02 3.731E+02 5.363E+02
 7.484E+02 1.015E+03 1.343E+03 1.735E+03 2.197E+03 2.731E+03 3.342E+03 4.030E+03
 4.795E+03 5.634E+03 6.542E+03 7.514E+03 8.544E+03
 nm= 13 for molecule: SiH  with presmo index 19
 CONS=0; idmol,it,t=  19   1  1006. because partp,akapmol=  2.66E-17  3.76E-18
 INTEGRATED ABS.COF. IN CM/MOL FOR SiH 
 2.857E+11 2.843E+11 2.828E+11 2.813E+11 2.798E+11 2.784E+11 2.769E+11 2.755E+11
 2.740E+11 2.726E+11 2.711E+11 2.697E+11 2.682E+11 2.668E+11 2.653E+11 2.639E+11
 2.624E+11 2.610E+11 2.595E+11 2.580E+11 2.565E+11 2.551E+11 2.536E+11 2.521E+11
 2.507E+11 2.492E+11 2.478E+11 2.463E+11 2.448E+11 2.433E+11 2.418E+11 2.403E+11
 2.387E+11 2.370E+11 2.350E+11 2.332E+11 2.315E+11 2.300E+11 2.286E+11 2.272E+11
 2.259E+11 2.246E+11 2.234E+11 2.223E+11 2.212E+11 2.201E+11 2.190E+11 2.179E+11
 2.168E+11 2.157E+11 2.146E+11 2.135E+11 2.124E+11
 INTEGRATED OPACITY IN CM/g* FOR SiH 
 7.613E-06 1.414E-05 2.587E-05 4.669E-05 8.291E-05 1.454E-04 2.525E-04 4.325E-04
 7.363E-04 1.248E-03 2.111E-03 3.543E-03 5.936E-03 9.945E-03 1.663E-02 2.780E-02
 4.649E-02 7.778E-02 1.301E-01 2.176E-01 3.634E-01 6.057E-01 1.007E+00 1.673E+00
 2.775E+00 4.602E+00 7.641E+00 1.272E+01 2.124E+01 3.569E+01 6.048E+01 1.034E+02
 1.805E+02 3.207E+02 6.243E+02 1.128E+03 1.943E+03 3.221E+03 5.161E+03 8.012E+03
 1.207E+04 1.767E+04 2.516E+04 3.492E+04 4.736E+04 6.287E+04 8.180E+04 1.044E+05
 1.309E+05 1.613E+05 1.956E+05 2.333E+05 2.743E+05
 nm= 14 for molecule: SiO  with presmo index 27
 CONS=0; idmol,it,t=  27   1  1006. because partp,akapmol=  2.04E-05  1.31E-29
 INTEGRATED ABS.COF. IN CM/MOL FOR SiO 
 2.842E+11 2.839E+11 2.835E+11 2.831E+11 2.828E+11 2.824E+11 2.820E+11 2.816E+11
 2.812E+11 2.808E+11 2.804E+11 2.800E+11 2.796E+11 2.791E+11 2.787E+11 2.782E+11
 2.778E+11 2.773E+11 2.768E+11 2.763E+11 2.758E+11 2.752E+11 2.747E+11 2.741E+11
 2.736E+11 2.730E+11 2.724E+11 2.718E+11 2.712E+11 2.705E+11 2.698E+11 2.691E+11
 2.684E+11 2.676E+11 2.665E+11 2.656E+11 2.647E+11 2.639E+11 2.631E+11 2.623E+11
 2.616E+11 2.609E+11 2.602E+11 2.595E+11 2.589E+11 2.582E+11 2.576E+11 2.570E+11
 2.563E+11 2.557E+11 2.550E+11 2.544E+11 2.538E+11
 INTEGRATED OPACITY IN CM/g* FOR SiO 
 5.800E+06 5.841E+06 5.820E+06 5.835E+06 5.847E+06 5.851E+06 5.866E+06 5.874E+06
 5.882E+06 5.888E+06 5.898E+06 5.897E+06 5.903E+06 5.909E+06 5.914E+06 5.918E+06
 5.923E+06 5.927E+06 5.931E+06 5.935E+06 5.938E+06 5.941E+06 5.944E+06 5.947E+06
 5.950E+06 5.953E+06 5.956E+06 5.960E+06 5.963E+06 5.967E+06 5.972E+06 5.978E+06
 5.985E+06 5.993E+06 6.005E+06 6.016E+06 6.023E+06 6.026E+06 6.023E+06 6.012E+06
 5.992E+06 5.959E+06 5.914E+06 5.851E+06 5.770E+06 5.668E+06 5.541E+06 5.390E+06
 5.212E+06 5.008E+06 4.780E+06 4.531E+06 4.263E+06
 nm= 15 for molecule: TiH  with presmo index214
 CONS=0; idmol,it,t= 214   1  1006. because partp,akapmol=  4.62E-19  3.91E-41
 INTEGRATED ABS.COF. IN CM/MOL FOR TiH 
 1.143E+11 1.126E+11 1.108E+11 1.090E+11 1.070E+11 1.050E+11 1.030E+11 1.009E+11
 9.887E+10 9.683E+10 9.482E+10 9.289E+10 9.106E+10 8.936E+10 8.784E+10 8.650E+10
 8.535E+10 8.436E+10 8.350E+10 8.275E+10 8.206E+10 8.141E+10 8.071E+10 7.991E+10
 7.897E+10 7.787E+10 7.664E+10 7.528E+10 7.381E+10 7.225E+10 7.063E+10 6.902E+10
 6.736E+10 6.564E+10 6.358E+10 6.172E+10 5.994E+10 5.822E+10 5.656E+10 5.496E+10
 5.342E+10 5.196E+10 5.058E+10 4.927E+10 4.802E+10 4.682E+10 4.567E+10 4.456E+10
 4.349E+10 4.246E+10 4.145E+10 4.048E+10 3.954E+10
 INTEGRATED OPACITY IN CM/g* FOR TiH 
 5.288E-08 1.099E-07 2.251E-07 4.518E-07 8.862E-07 1.706E-06 3.227E-06 5.966E-06
 1.088E-05 1.959E-05 3.489E-05 6.110E-05 1.059E-04 1.820E-04 3.095E-04 5.224E-04
 8.752E-04 1.456E-03 2.404E-03 3.940E-03 6.407E-03 1.033E-02 1.653E-02 2.622E-02
 4.129E-02 6.464E-02 1.007E-01 1.565E-01 2.428E-01 3.768E-01 5.865E-01 9.161E-01
 1.447E+00 2.300E+00 3.867E+00 6.052E+00 8.989E+00 1.277E+01 1.743E+01 2.293E+01
 2.916E+01 3.601E+01 4.332E+01 5.098E+01 5.888E+01 6.696E+01 7.515E+01 8.339E+01
 9.165E+01 9.990E+01 1.081E+02 1.163E+02 1.244E+02
 nm= 16 for molecule: TiO  with presmo index 31
 CONS=0; idmol,it,t=  31   1  1006. because partp,akapmol=  3.18E-09  2.69E-40
 INTEGRATED ABS.COF. IN CM/MOL FOR TiO 
 1.555E+11 1.555E+11 1.556E+11 1.556E+11 1.557E+11 1.557E+11 1.557E+11 1.558E+11
 1.558E+11 1.558E+11 1.558E+11 1.558E+11 1.558E+11 1.558E+11 1.558E+11 1.558E+11
 1.558E+11 1.557E+11 1.557E+11 1.556E+11 1.556E+11 1.555E+11 1.554E+11 1.553E+11
 1.552E+11 1.551E+11 1.550E+11 1.549E+11 1.547E+11 1.545E+11 1.543E+11 1.541E+11
 1.539E+11 1.536E+11 1.531E+11 1.527E+11 1.523E+11 1.518E+11 1.514E+11 1.509E+11
 1.504E+11 1.498E+11 1.493E+11 1.487E+11 1.482E+11 1.476E+11 1.470E+11 1.463E+11
 1.456E+11 1.449E+11 1.442E+11 1.435E+11 1.427E+11
 INTEGRATED OPACITY IN CM/g* FOR TiO 
 4.947E+02 6.136E+02 7.559E+02 9.302E+02 1.136E+03 1.376E+03 1.656E+03 1.970E+03
 2.323E+03 2.715E+03 3.145E+03 3.598E+03 4.079E+03 4.579E+03 5.085E+03 5.591E+03
 6.086E+03 6.561E+03 7.008E+03 7.421E+03 7.793E+03 8.124E+03 8.412E+03 8.660E+03
 8.870E+03 9.044E+03 9.183E+03 9.289E+03 9.362E+03 9.401E+03 9.402E+03 9.359E+03
 9.257E+03 9.078E+03 8.742E+03 8.318E+03 7.812E+03 7.239E+03 6.622E+03 5.986E+03
 5.357E+03 4.759E+03 4.206E+03 3.705E+03 3.256E+03 2.859E+03 2.509E+03 2.203E+03
 1.935E+03 1.702E+03 1.498E+03 1.319E+03 1.163E+03
 nm= 17 for molecule: CrH  with presmo index217
 CONS=0; idmol,it,t= 217   1  1006. because partp,akapmol=  4.96E-12  9.67E-30
 INTEGRATED ABS.COF. IN CM/MOL FOR CrH 
 4.629E+09 4.632E+09 4.636E+09 4.640E+09 4.644E+09 4.649E+09 4.654E+09 4.659E+09
 4.664E+09 4.670E+09 4.676E+09 4.682E+09 4.688E+09 4.695E+09 4.702E+09 4.709E+09
 4.717E+09 4.725E+09 4.733E+09 4.741E+09 4.750E+09 4.758E+09 4.766E+09 4.775E+09
 4.783E+09 4.791E+09 4.799E+09 4.806E+09 4.813E+09 4.818E+09 4.823E+09 4.826E+09
 4.828E+09 4.827E+09 4.819E+09 4.807E+09 4.790E+09 4.769E+09 4.744E+09 4.716E+09
 4.685E+09 4.652E+09 4.618E+09 4.583E+09 4.547E+09 4.510E+09 4.472E+09 4.434E+09
 4.395E+09 4.355E+09 4.316E+09 4.277E+09 4.238E+09
 INTEGRATED OPACITY IN CM/g* FOR CrH 
 2.297E-02 2.858E-02 3.459E-02 4.157E-02 4.950E-02 5.840E-02 6.864E-02 8.035E-02
 9.383E-02 1.094E-01 1.276E-01 1.484E-01 1.728E-01 2.011E-01 2.341E-01 2.725E-01
 3.173E-01 3.694E-01 4.300E-01 5.006E-01 5.827E-01 6.780E-01 7.888E-01 9.175E-01
 1.067E+00 1.241E+00 1.444E+00 1.679E+00 1.954E+00 2.274E+00 2.647E+00 3.081E+00
 3.591E+00 4.183E+00 4.900E+00 5.670E+00 6.506E+00 7.415E+00 8.397E+00 9.447E+00
 1.056E+01 1.173E+01 1.296E+01 1.424E+01 1.557E+01 1.695E+01 1.837E+01 1.984E+01
 2.136E+01 2.294E+01 2.456E+01 2.624E+01 2.797E+01
 nm= 18 for molecule: NO   with presmo index217
 CONS=0; idmol,it,t= 217   1  1006. because partp,akapmol=  4.96E-12  2.62E-33
 INTEGRATED ABS.COF. IN CM/MOL FOR NO  
 2.904E+06 2.873E+06 2.841E+06 2.809E+06 2.778E+06 2.746E+06 2.714E+06 2.683E+06
 2.652E+06 2.620E+06 2.589E+06 2.557E+06 2.525E+06 2.493E+06 2.460E+06 2.427E+06
 2.394E+06 2.360E+06 2.326E+06 2.292E+06 2.257E+06 2.221E+06 2.186E+06 2.150E+06
 2.114E+06 2.078E+06 2.041E+06 2.003E+06 1.965E+06 1.926E+06 1.885E+06 1.843E+06
 1.799E+06 1.752E+06 1.695E+06 1.645E+06 1.600E+06 1.557E+06 1.519E+06 1.483E+06
 1.449E+06 1.419E+06 1.391E+06 1.366E+06 1.343E+06 1.321E+06 1.302E+06 1.283E+06
 1.266E+06 1.250E+06 1.235E+06 1.222E+06 1.209E+06
 INTEGRATED OPACITY IN CM/g* FOR NO  
 1.441E-05 1.773E-05 2.120E-05 2.517E-05 2.961E-05 3.449E-05 4.004E-05 4.628E-05
 5.335E-05 6.140E-05 7.064E-05 8.105E-05 9.306E-05 1.068E-04 1.225E-04 1.405E-04
 1.610E-04 1.845E-04 2.113E-04 2.419E-04 2.768E-04 3.165E-04 3.617E-04 4.132E-04
 4.717E-04 5.383E-04 6.140E-04 7.001E-04 7.978E-04 9.087E-04 1.034E-03 1.177E-03
 1.338E-03 1.518E-03 1.724E-03 1.940E-03 2.173E-03 2.422E-03 2.688E-03 2.970E-03
 3.267E-03 3.579E-03 3.905E-03 4.244E-03 4.598E-03 4.965E-03 5.346E-03 5.743E-03
 6.154E-03 6.583E-03 7.028E-03 7.493E-03 7.979E-03
 nm= 19 for molecule: LiH  with presmo index 71
 CONS=0; idmol,it,t=  71   1  1006. because partp,akapmol=  8.13E-16  2.59E-41
 INTEGRATED ABS.COF. IN CM/MOL FOR LiH 
 2.306E+04 2.339E+04 2.375E+04 2.413E+04 2.453E+04 2.495E+04 2.539E+04 2.585E+04
 2.632E+04 2.682E+04 2.734E+04 2.787E+04 2.843E+04 2.902E+04 2.964E+04 3.028E+04
 3.096E+04 3.168E+04 3.243E+04 3.321E+04 3.403E+04 3.488E+04 3.577E+04 3.670E+04
 3.768E+04 3.872E+04 3.981E+04 4.098E+04 4.222E+04 4.355E+04 4.499E+04 4.658E+04
 4.837E+04 5.037E+04 5.297E+04 5.544E+04 5.788E+04 6.029E+04 6.265E+04 6.496E+04
 6.721E+04 6.938E+04 7.148E+04 7.348E+04 7.537E+04 7.715E+04 7.882E+04 8.036E+04
 8.179E+04 8.310E+04 8.431E+04 8.543E+04 8.647E+04
 INTEGRATED OPACITY IN CM/g* FOR LiH 
 1.874E-11 2.440E-11 3.111E-11 3.926E-11 4.888E-11 6.013E-11 7.353E-11 8.940E-11
 1.086E-10 1.323E-10 1.621E-10 1.997E-10 2.490E-10 3.144E-10 4.023E-10 5.209E-10
 6.804E-10 8.902E-10 1.157E-09 1.484E-09 1.865E-09 2.294E-09 2.761E-09 3.261E-09
 3.792E-09 4.354E-09 4.951E-09 5.589E-09 6.276E-09 7.019E-09 7.829E-09 8.716E-09
 9.690E-09 1.076E-08 1.192E-08 1.315E-08 1.448E-08 1.591E-08 1.743E-08 1.902E-08
 2.065E-08 2.231E-08 2.397E-08 2.559E-08 2.717E-08 2.865E-08 3.002E-08 3.126E-08
 3.234E-08 3.326E-08 3.402E-08 3.463E-08 3.510E-08
 nm= 20 for molecule: VO   with presmo index 32
 CONS=0; idmol,it,t=  32   1  1006. because partp,akapmol=  1.07E-10  3.18E-33
 INTEGRATED ABS.COF. IN CM/MOL FOR VO  
 6.695E+10 6.696E+10 6.698E+10 6.699E+10 6.701E+10 6.703E+10 6.705E+10 6.708E+10
 6.710E+10 6.713E+10 6.716E+10 6.719E+10 6.722E+10 6.726E+10 6.730E+10 6.734E+10
 6.739E+10 6.744E+10 6.750E+10 6.757E+10 6.764E+10 6.771E+10 6.779E+10 6.788E+10
 6.799E+10 6.810E+10 6.823E+10 6.837E+10 6.852E+10 6.869E+10 6.889E+10 6.912E+10
 6.939E+10 6.971E+10 7.015E+10 7.059E+10 7.105E+10 7.153E+10 7.202E+10 7.253E+10
 7.305E+10 7.359E+10 7.413E+10 7.468E+10 7.523E+10 7.578E+10 7.633E+10 7.689E+10
 7.744E+10 7.799E+10 7.854E+10 7.909E+10 7.964E+10
 INTEGRATED OPACITY IN CM/g* FOR VO  
 7.195E+00 8.980E+00 1.115E+01 1.387E+01 1.715E+01 2.110E+01 2.587E+01 3.145E+01
 3.804E+01 4.577E+01 5.481E+01 6.507E+01 7.682E+01 9.012E+01 1.049E+02 1.212E+02
 1.388E+02 1.574E+02 1.768E+02 1.963E+02 2.154E+02 2.334E+02 2.497E+02 2.635E+02
 2.743E+02 2.815E+02 2.845E+02 2.829E+02 2.762E+02 2.644E+02 2.475E+02 2.260E+02
 2.003E+02 1.718E+02 1.381E+02 1.110E+02 8.928E+01 7.211E+01 5.862E+01 4.805E+01
 3.976E+01 3.325E+01 2.810E+01 2.398E+01 2.066E+01 1.794E+01 1.569E+01 1.381E+01
 1.222E+01 1.088E+01 9.721E+00 8.723E+00 7.854E+00
 nm= 21 for molecule: ZrO  with presmo index 33
 CONS=0; idmol,it,t=  33   1  1006. because partp,akapmol=  6.91E-12  6.58E-51
 INTEGRATED ABS.COF. IN CM/MOL FOR ZrO 
 2.041E+11 2.051E+11 2.062E+11 2.073E+11 2.084E+11 2.096E+11 2.108E+11 2.120E+11
 2.132E+11 2.144E+11 2.156E+11 2.168E+11 2.180E+11 2.192E+11 2.203E+11 2.214E+11
 2.225E+11 2.235E+11 2.245E+11 2.255E+11 2.264E+11 2.272E+11 2.280E+11 2.288E+11
 2.296E+11 2.304E+11 2.311E+11 2.318E+11 2.325E+11 2.332E+11 2.338E+11 2.344E+11
 2.350E+11 2.355E+11 2.361E+11 2.364E+11 2.366E+11 2.368E+11 2.369E+11 2.369E+11
 2.368E+11 2.366E+11 2.365E+11 2.362E+11 2.359E+11 2.356E+11 2.352E+11 2.348E+11
 2.343E+11 2.338E+11 2.332E+11 2.326E+11 2.320E+11
 INTEGRATED OPACITY IN CM/g* FOR ZrO 
 1.409E+00 1.715E+00 2.077E+00 2.518E+00 3.040E+00 3.653E+00 4.378E+00 5.209E+00
 6.171E+00 7.280E+00 8.558E+00 9.984E+00 1.160E+01 1.341E+01 1.542E+01 1.762E+01
 2.001E+01 2.257E+01 2.528E+01 2.809E+01 3.097E+01 3.386E+01 3.673E+01 3.953E+01
 4.223E+01 4.482E+01 4.726E+01 4.955E+01 5.167E+01 5.363E+01 5.542E+01 5.706E+01
 5.855E+01 5.989E+01 6.121E+01 6.214E+01 6.282E+01 6.330E+01 6.360E+01 6.375E+01
 6.375E+01 6.359E+01 6.327E+01 6.278E+01 6.210E+01 6.121E+01 6.010E+01 5.875E+01
 5.716E+01 5.534E+01 5.327E+01 5.099E+01 4.850E+01
 nm= 22 for molecule: H2   with presmo index 10
 CONS=0; idmol,it,t=  10  49  3352. because partp,akapmol=  3.37E-01  9.22E-49
 INTEGRATED ABS.COF. IN CM/MOL FOR H2  
 8.350E+02 1.129E+03 1.544E+03 2.101E+03 2.847E+03 3.852E+03 5.191E+03 6.947E+03
 9.275E+03 1.236E+04 1.645E+04 2.181E+04 2.887E+04 3.823E+04 5.058E+04 6.697E+04
 8.873E+04 1.176E+05 1.560E+05 2.068E+05 2.739E+05 3.624E+05 4.789E+05 6.324E+05
 8.348E+05 1.102E+06 1.457E+06 1.929E+06 2.560E+06 3.412E+06 4.576E+06 6.183E+06
 8.478E+06 1.178E+07 1.746E+07 2.464E+07 3.368E+07 4.494E+07 5.866E+07 7.512E+07
 9.452E+07 1.170E+08 1.427E+08 1.716E+08 2.038E+08 2.395E+08 2.786E+08 3.212E+08
 3.674E+08 4.171E+08 4.705E+08 5.278E+08 5.890E+08
 INTEGRATED OPACITY IN CM/g* FOR H2  
 3.056E+02 4.155E+02 5.649E+02 7.693E+02 1.043E+03 1.410E+03 1.902E+03 2.545E+03
 3.399E+03 4.529E+03 6.030E+03 7.986E+03 1.057E+04 1.400E+04 1.852E+04 2.453E+04
 3.249E+04 4.308E+04 5.712E+04 7.573E+04 1.003E+05 1.327E+05 1.754E+05 2.316E+05
 3.057E+05 4.036E+05 5.334E+05 7.061E+05 9.372E+05 1.249E+06 1.675E+06 2.262E+06
 3.101E+06 4.305E+06 6.375E+06 8.980E+06 1.225E+07 1.630E+07 2.122E+07 2.706E+07
 3.389E+07 4.173E+07 5.058E+07 6.042E+07 7.125E+07 8.303E+07 9.575E+07 1.094E+08
 1.239E+08 1.392E+08 1.553E+08 1.722E+08 1.900E+08
  **** NOW ITERATION            2  IS STARTING ****
