 2.172E-18
 4.414E-18
 1.123E-17
 2.601E-17
 5.573E-17
 1.253E-16
 2.896E-16
 6.673E-16
 1.538E-15
 3.538E-15
 8.079E-15
 1.850E-14
 4.245E-14
 9.791E-14
 2.260E-13
 5.281E-13
 1.226E-12
 2.841E-12
 6.026E-12
 1.239E-11
 3.298E-11
 6.958E-11
 2.669E-10
 4.408E-10
 1.470E-09
 3.048E-09
 5.358E-09
 2.242E-08
 1.180E-07
 4.454E-08
 1.063E-07
 3.794E-07
 1.009E-06
 2.318E-06
 4.222E-06
 6.884E-06
 1.758E-05
 3.439E-07
 5.122E-02
 5.883E-01
 1.169E+00
 1.169E+00
 1.169E+00
 1.169E+00
 1.169E+00
 1.169E+00
 1.169E+00
 1.169E+00
 1.169E+00
 1.169E+00
 1.169E+00
 1.169E+00
 1.169E+00
