H-      -78.8330      22.2096      17.5016     -2.54862     0.157520     2
H2      -434.517      93.1942      12.3774     -2.22487     0.146571     2
H2O     -923.736      190.938      25.9479     -4.91111     0.335922     3
OH      -426.857      87.0307      12.0513     -2.17972     0.146443     2
CH      -339.324      85.6838      11.0414     -2.20063     0.154645     2
CO      -1075.09      117.521      10.6976     -1.97961     0.137773     2
CN      -753.068      104.687      10.6470     -2.07535     0.142264     2
C2      -594.844      113.425      4.98271     -0.86956     0.056748     2
N2      -944.134      110.816      10.7724     -2.01198     0.141536     2
O2      -496.737      112.600      10.4683     -2.03838     0.141419     2
NO      -630.355      99.8737      10.0498     -1.88844     0.132685     2
HN      -312.815      81.9371      11.6896     -2.15398     0.145447     2
C2H2    -1637.79      333.209      26.5201     -5.58507     0.399100     4
CHN     -1269.15      216.401      18.9807     -3.84583     0.274370     3
C2H     -1171.25      215.376      18.4968     -3.78313     0.267097     3
HS      -355.390      79.6170     -22.9525      4.40015    -0.303985     2
HSi     -289.917      80.5764      10.1587     -1.85491     0.126062     2
C3      -1328.08      230.241      20.3480     -3.67473     0.251483     3
CS      -711.964      111.983      9.52421     -1.75482     0.122980     2
CSi     -445.036      108.407      2.23301     -0.34869     0.024896     2
C2Si    -1265.34      241.103      11.5240     -2.35148     0.162630     3
NS      -485.016      96.1419      8.57606     -1.59189     0.112877     2
SiN     -548.650      100.200      9.25260     -1.94111     0.140998     2
SiO     -797.736      112.965      9.53213     -1.75031     0.122177     2
SO      -519.612      103.062      10.0149     -1.97062     0.138874     2
S2      -424.008      104.312      8.99722     -1.78419     0.127002     2
SiS     -619.267      107.942      8.49037     -1.50888     0.104147     2
TiO     -666.859      104.811      7.10219     -1.16262     0.085460     2
VO      -634.837      106.251      12.5854     -2.30701     0.162941     2
ZrO     -798.637      113.411      9.06182     -1.93423     0.153246     2
HMg     -194.882      66.8625      8.69669     -1.70113     0.120031     2
FH      -568.467      94.2211      13.1609     -2.37437     0.158670     2
ClH     -430.347      88.1530      12.8020     -2.35442     0.159035     2
CH4     -1657.15      413.734      48.8998     -9.90731     0.700056     5
CH2     -763.520      185.277      21.9760     -4.23177     0.294522     3
CH3     -1220.37      295.007      33.8908     -6.68891     0.468508     4
H2N     -715.272      177.968      24.9076     -4.77584     0.326462     3
NH3     -1167.55      290.111      37.1968     -7.39581     0.519336     4
C2N2    -2065.83      373.290      16.6615     -3.63979     0.271869     4
C2N     -1347.09      233.813      9.21214     -1.95501     0.147341     3
CO2     -1605.20      259.173      16.9009     -3.52567     0.255434     3
F-      -334.394      29.7943      18.2582     -2.70106     0.168260     2
AlF     -673.374      104.642      7.90690     -1.48972     0.102803     2
CaF     -527.950      80.8784      6.85240     -1.35440     0.111693     2
CaF2    -1118.94      193.500      9.94971     -1.99714     0.162380     3
MgOH    -775.989      190.405      14.4581     -2.93537     0.212055     3
Al2O    -1051.27      232.824      7.37301     -1.59942     0.118923     3
AlOH    -973.282      215.388      21.2772     -4.30433     0.305961     3
AlFO    -1236.79      241.061      10.3828     -2.23286     0.164817     3
AlClO   -1045.53      236.102      9.31608     -1.98237     0.145616     3
NaOH    -769.635      194.186      12.1607     -2.45229     0.178072     3
CSi2    -1077.83      244.677      11.3864     -2.32428     0.160033     3
SiO2    -1250.44      254.487      12.4286     -2.58384     0.189737     3
H2S     -730.582      183.087      23.4459     -4.54118     0.315876     3
CS2     -1151.16      251.135      11.7569     -2.49525     0.184321     3
AlCl    -501.157      98.0690      7.30666     -1.34290     0.090489     2
ClNa    -409.059      85.9838      6.44873     -1.22325     0.087795     2
ClK     -424.151      83.6948      6.00196     -1.14879     0.088748     2
KOH     -786.249      193.088      11.9792     -2.43167     0.183110     3
CaCl    -402.767      75.5674      6.46317     -1.24787     0.102042     2
CaCl2   -890.977      192.445      5.05019     -1.11983     0.101197     3
CaOH    -835.938      187.961      13.6595     -2.82155     0.218243     3
TiO2    -1274.24      235.792      13.2855     -2.40492     0.178739     3
VO2     -1242.90      230.364      17.1593     -3.27216     0.239581     3
HLi     -235.507      79.4478      8.35110     -1.64174     0.118782     2
LiO     -322.995      85.4068      6.99237     -1.35745     0.100429     2
FLi     -578.185      93.9775      7.97343     -1.54805     0.112949     2
ClLi    -475.175      87.7160      7.47100     -1.41904     0.102654     2
LiOH    -858.016      196.873      13.0284     -2.62710     0.191378     3
BeH2    -631.566      185.723      20.8042     -4.29095     0.309942     3
BeO     -435.339      94.3681      12.1952     -3.03424     0.225243     2
BeF     -571.954      85.7540      9.30711     -1.79441     0.128442     2
BeCl    -383.420      80.2981      8.41361     -1.59574     0.113372     2
BeCl2   -924.926      209.877      9.32864     -1.95306     0.143935     3
BeOH    -902.640      194.606      17.1312     -3.47914     0.250589     3
BH      -334.101      92.2757      10.5155     -1.97999     0.135360     2
BH2     -792.142      194.980      19.7143     -3.97864     0.281435     3
BO      -807.760      106.914      10.4190     -1.95151     0.134953     2
B2O     -1270.09      233.253      16.6835     -3.26917     0.231746     3
BS      -592.545      101.647      9.32926     -1.73072     0.118556     2
BF      -753.982      108.181      9.61500     -1.82017     0.126219     2
BCl     -538.660      101.871      8.31578     -1.55092     0.106566     2
BHO     -1222.32      218.968      18.7791     -3.82100     0.272035     3
BHO2    -1832.15      338.807      28.7200     -5.82290     0.414531     4
C-      -126.734      19.6072      19.8758     -3.13088     0.198070     2
C2-     -986.487      127.860      30.0659     -5.05240     0.333119     3
C2H4    -2244.64      536.249      53.5535     -11.1119     0.794565     6
NO2-    -1173.44      254.042      30.7253     -5.09035     0.337435     4
H2N2    -1163.86      305.533      32.6114     -6.56682     0.466809     4
H4N2    -1713.97      507.319      48.9399     -10.1709     0.727566     6
CNN     -1074.88      226.549      14.1348     -2.89147     0.210962     3
NCN     -1186.60      233.112      11.8154     -2.50357     0.186792     3
C4N2    -3272.64      637.945      21.9932     -5.14686     0.392602     6
NO2     -934.885      228.143      17.8111     -3.52443     0.252857     3
NO3     -1144.10      374.303      20.5657     -4.39389     0.324610     4
N2O     -1109.46      241.010      15.4729     -3.23683     0.237411     3
N2O4    -1925.94      633.763      26.9240     -6.14030     0.462234     6
HNO     -837.354      200.336      20.9253     -4.06166     0.286318     3
HNO2    -1261.00      329.651      25.7354     -5.26963     0.378861     4
HNO3    -1565.92      470.991      31.6112     -6.72891     0.490538     5
CHNO    -1753.52      337.585      26.4573     -5.35808     0.383799     4
O-      -147.008      19.3384      17.7891     -2.61587     0.163322     2
O2-     -546.178      127.154      24.9800     -3.95149     0.255174     3
OH-     -610.106      116.466      28.7596     -4.54055     0.289614     3
CO2-    -1654.21      250.910      34.2387     -5.80233     0.389087     4
C2O     -1393.16      238.528      12.6266     -2.77375     0.206930     3
CHO     -1137.38      201.265      20.9616     -4.06446     0.285390     3
CH2O    -1513.02      317.691      33.7281     -6.80004     0.482813     4
F2      -157.445      111.569      8.65892     -1.71119     0.127018     2
FO      -218.285      99.4383      8.95642     -1.73507     0.121415     2
HNa     -199.838      76.8428      7.75957     -1.54787     0.112104     2
NaO     -271.558      82.3234      5.81251     -1.14507     0.084472     2
FNa     -475.936      91.6013      6.64048     -1.29300     0.094097     2
MgO     -337.357      99.4245     -2.88660      0.29291    -0.002811     2
MgS     -278.002      93.4023     -3.85689      0.61385    -0.029305     2
FMg     -462.012      82.9257      7.44836     -1.43533     0.103258     2
F2Mg    -1030.28      204.031      11.4991     -2.25273     0.163248     3
ClMg    -310.845      77.0852      6.96892     -1.31016     0.093332     2
Cl2Mg   -780.865      198.690      6.21101     -1.30062     0.096961     3
AlH     -286.870      87.5029      9.61505     -1.85378     0.128638     2
AlO     -510.528      103.850      8.42715     -2.00255     0.150225     2
AlO2    -911.552      229.535      8.40395     -1.81369     0.133412     3
AlS     -367.185      99.9764      6.69938     -1.65796     0.129260     2
AlF2    -1180.24      211.520      12.9093     -2.51941     0.178088     3
AlCl2   -850.450      199.618      11.1743     -2.09881     0.145363     3
Si-     -140.562      20.8890      19.3411     -3.08719     0.194130     2
H4Si    -1281.08      407.801      38.4924     -8.02104     0.576285     5
FSi     -547.952      97.2236      8.03243     -1.44993     0.099832     2
F2Si    -1193.55      222.093      13.8525     -2.65506     0.187767     3
ClSi    -371.845      92.0290      6.88296     -1.18444     0.079340     2
Cl2Si   -858.748      210.663      11.6355     -2.12987     0.146830     3
HP      -279.662      77.7443      10.4003     -1.97148     0.138982     2
H2P     -628.013      230.098     -27.4819      4.98531    -0.306749     3
H3P     -943.105      286.435      30.6649     -6.20295     0.445670     4
CP      -581.965      102.037      7.86115     -1.42574     0.105229     2
PN      -683.146      102.346      8.17070     -1.50635     0.111570     2
PO      -588.028      98.6496      7.55575     -1.37109     0.100520     2
PO2     -1126.32      225.245      13.6644     -2.66988     0.196901     3
PS      -453.759      94.2672      6.17130     -1.06943     0.078743     2
FP      -446.766      93.8172      7.72515     -1.47775     0.106721     2
F2P     -960.846      212.100      12.6229     -2.43342     0.177461     3
ClP     -307.683      87.5897      6.54794     -1.16141     0.084108     2
COS     -1378.25      249.377      14.2056     -2.99930     0.219259     3
SO2     -1069.07      234.938      16.5534     -3.31327     0.237556     3
SSO     -858.505      216.932     -52.8020      9.88499    -0.671135     3
SO3     -1415.47      384.818      21.1705     -4.45736     0.327002     4
Cl-     -355.414      28.6130      18.5693     -2.73554     0.169481     2
Cl2     -241.450      103.424      8.92079     -1.68831     0.114954     2
CCl     -334.843      95.6933      7.88768     -1.44044     0.098785     2
CCl2    -718.657      218.823      11.7073     -2.62450     0.198333     3
CCl3    -997.679      349.303      14.9517     -3.09149     0.223623     4
CCl4    -1293.56      500.366      15.3279     -3.38461     0.249792     5
ClO     -267.856      95.7806      8.88543     -1.68195     0.116736     2
ClO2    -511.984      223.014      15.2301     -3.06121     0.218004     3
Cl2O    -401.406      217.067      13.0108     -2.49205     0.175107     3
ClS     -240.790      92.5768      6.87778     -1.21996     0.083245     2
Cl2S    -534.999      210.918      12.2846     -2.30281     0.161016     3
ClHO    -659.977      195.924      20.7000     -3.92836     0.270968     3
CClO    -1147.39      211.795      14.6661     -2.80853     0.198408     3
HK      -182.812      74.0394      7.07402     -1.42127     0.109634     2
KO      -265.930      80.4240      5.31001     -1.06436     0.084982     2
FK      -494.060      89.5311      6.12046     -1.19778     0.093595     2
CaO     -381.542      90.9014      10.2581     -2.86534     0.233883     2
CaS     -330.399      87.6660      8.13890     -2.58195     0.228835     2
FTi     -618.441      100.033      3.34339     -0.67845     0.062053     2
F2Ti    -1317.91      236.919      8.68097     -1.82695     0.140770     3
ClTi    -439.283      94.7495      2.93291     -0.58037     0.053724     2
Cl2Ti   -951.472      227.939      7.52615     -1.51876     0.115757     3
VN      -463.173      96.7296      11.0335     -2.05732     0.147170     2
CrN     -364.107      94.8755      6.54206     -1.05466     0.083222     2
CrO     -457.144      93.6573      6.63320     -1.09101     0.087270     2
CrO2    -968.529      221.956      12.1463     -2.23399     0.172660     3
FeO     -412.058      95.8383      10.1301     -1.87143     0.134969     2
FeS     -292.448     -2.96381      60.6677     -12.0568     0.847857     2
FFe     -445.803      95.6087      9.37403     -1.68956     0.123570     2
F2Fe    -961.540      229.453      5.36569     -1.23223     0.102006     3
ClFe    -284.975      86.1236      6.30290     -1.12689     0.084878     2
Cl2Fe   -797.730      208.542      8.31706     -1.80778     0.139341     3
ClNi    -368.070      90.9407      9.40418     -1.89961     0.126661     2
CuO     -279.508      90.4580      4.87020     -0.81591     0.059875     2
CuF     -428.393      96.0260      6.27793     -1.09770     0.079181     2
ClCu    -366.895      91.7905      6.05058     -1.04348     0.078060     2
SrO     -424.981      90.0843      10.0712     -2.78686     0.229451     2
SrS     -331.683      85.3923      9.29895     -2.84836     0.249369     2
FSr     -536.844      80.7209      6.23803     -1.21794     0.104563     2
F2Sr    -1087.02      186.070      8.84335     -1.75177     0.148267     3
ClSr    -408.343      75.0171      5.93845     -1.13195     0.096543     2
Cl2Sr   -878.562      174.820      8.50130     -1.61569     0.135763     3
SrOH    -833.919      187.065      12.8835     -2.65080     0.208787     3
HZr     -309.279      74.7552      12.9932     -2.07948     0.141397     2
ZrN     -366.864      96.0062      11.4767     -1.76339     0.121579     2
ZrO2    -1390.76      221.959      16.0580     -2.70635     0.190182     3
FZr     -604.256      92.4094      10.4100     -1.86165     0.132633     2
F2Zr    -1323.18      207.367      16.3162     -2.90757     0.200701     3
ClZr    -523.771      88.1662      10.4446     -1.77795     0.125377     2
Cl2Zr   -1036.21      213.580      11.0597     -1.95769     0.134383     3
HI      -297.211      85.0783      10.2733     -1.87929     0.128572     2
BaO     -551.151      95.3100      2.75827      0.39170    -0.057177     2
BaS     -417.471      87.9393      3.93693     -0.05076    -0.021087     2
BaF     -579.877      82.6594      2.40509      0.35135    -0.033471     2
BaF2    -1140.21      185.120      4.51374     -0.06161     0.004013     3
BaCl    -442.157      76.7695      2.32472      0.35140    -0.034591     2
BaCl2   -919.596      174.014      4.33784      0.03921    -0.005925     3
BaOH    -870.273      188.958      8.98920     -1.07398     0.070526     3
NbO     -781.396      103.039      14.1225     -2.55233     0.181120     2
C4      -1891.44      395.409      18.4255     -4.01675     0.299885     4
C5      -2598.14      537.387      22.7626     -5.13132     0.386811     5
TiH     -214.878      110.674     -7.48757      1.59641    -0.100264     2
CaH     -161.127      62.0384      5.73232     -0.26354    -0.006583     2
FeH     -162.231      103.466     -1.94155      0.28429    -0.000000     2
CrH     -271.224      68.8384      8.26610     -0.54831     0.006203     2 

