H-         -0.79015E+02    0.22776E+02    0.17031E+02   -0.24351E+01    0.14863E+00     2     Burrows 99
H2         -0.43531E+03    0.94254E+02    0.11833E+02   -0.21235E+01    0.14000E+00     2     Burrows 99
H2O        -0.92710E+03    0.19682E+03    0.22617E+02   -0.42069E+01    0.28512E+00     3     Burrows 99
OH         -0.42686E+03    0.87031E+02    0.12051E+02   -0.21797E+01    0.14644E+00     2       Tsuji 73
CH         -0.34095E+03    0.88377E+02    0.96067E+01   -0.19293E+01    0.13442E+00     2     Burrows 99
CO         -0.10849E+04    0.13615E+03    0.11314E+01   -0.26353E-01    0.40011E-06     2     Burrows 99
CN         -0.75345E+03    0.10473E+03    0.10789E+02   -0.21571E+01    0.14863E+00     2     Burrows 99
C2         -0.59468E+03    0.11238E+03    0.57953E+01   -0.11224E+01    0.74651E-01     2     Burrows 99
N2         -0.94535E+03    0.11280E+03    0.96609E+01   -0.17813E+01    0.12513E+00     2     Burrows 99
O2         -0.49875E+03    0.11648E+03    0.81777E+01   -0.15377E+01    0.10443E+00     2     Burrows 99
NO         -0.63198E+03    0.10285E+03    0.83043E+01   -0.15094E+01    0.10487E+00     2     Burrows 99
HN         -0.31378E+03    0.83348E+02    0.10936E+02   -0.20057E+01    0.13535E+00     2     Burrows 99
C2H2       -0.16450E+04    0.34725E+03    0.18309E+02   -0.38330E+01    0.26716E+00     4     Burrows 99
CHN        -0.12735E+04    0.22462E+03    0.14200E+02   -0.28274E+01    0.19818E+00     3     Burrows 99
C2H        -0.11750E+04    0.22219E+03    0.14637E+02   -0.30011E+01    0.20784E+00     3     Burrows 99
HS         -0.35773E+03    0.87021E+02    0.99346E+01   -0.23487E+01    0.23226E+00     2     Burrows 99
HSi        -0.29287E+03    0.85208E+02    0.73993E+01   -0.12461E+01    0.80780E-01     2     Burrows 99
C3         -0.13306E+04    0.23408E+03    0.18416E+02   -0.33620E+01    0.22703E+00     3     Burrows 99
CS         -0.71452E+03    0.11668E+03    0.68205E+01   -0.12408E+01    0.83705E-01     2     Burrows 99
CSi        -0.44668E+03    0.11057E+03    0.90231E+00   -0.72599E-01    0.29369E-02     2     Burrows 99
C2Si       -0.12699E+04    0.24913E+03    0.67670E+01   -0.13447E+01    0.85312E-01     3     Burrows 99
NS         -0.48670E+03    0.98999E+02    0.68841E+01   -0.12771E+01    0.89483E-01     2     Burrows 99
SiN        -0.54865E+03    0.10020E+03    0.92526E+01   -0.19411E+01    0.14100E+00     2       Tsuji 73
SiO        -0.79774E+03    0.11297E+03    0.95321E+01   -0.17503E+01    0.12218E+00     2       Tsuji 73
SO         -0.51961E+03    0.10306E+03    0.10015E+02   -0.19706E+01    0.13887E+00     2       Tsuji 73
S2         -0.42679E+03    0.10969E+03    0.57897E+01   -0.10740E+01    0.74051E-01     2     Burrows 99
SiS        -0.61927E+03    0.10794E+03    0.84904E+01   -0.15089E+01    0.10415E+00     2       Tsuji 73
TiO        -0.66686E+03    0.10481E+03    0.71022E+01   -0.11626E+01    0.85460E-01     2       Tsuji 73
VO         -0.63484E+03    0.10625E+03    0.12585E+02   -0.23070E+01    0.16294E+00     2       Tsuji 73
ZrO        -0.79864E+03    0.11341E+03    0.90618E+01   -0.19342E+01    0.15325E+00     2       Tsuji 73
HMg        -0.13615E+03    0.83192E+02    0.47476E+01   -0.95382E+00    0.78280E-01     2     Burrows 99
FH         -0.56905E+03    0.95832E+02    0.12270E+02   -0.22108E+01    0.14752E+00     2     Burrows 99
ClH        -0.43167E+03    0.90302E+02    0.11613E+02   -0.21101E+01    0.14177E+00     2     Burrows 99
CH4        -0.16683E+04    0.43521E+03    0.36389E+02   -0.71996E+01    0.49899E+00     5     Burrows 99
CH2        -0.76745E+03    0.19251E+03    0.17844E+02   -0.33668E+01    0.23022E+00     3     Burrows 99
CH3        -0.12271E+04    0.30778E+03    0.26503E+02   -0.51095E+01    0.35126E+00     4     Burrows 99
H2N        -0.71800E+03    0.18248E+03    0.22403E+02   -0.42574E+01    0.28967E+00     3     Burrows 99
NH3        -0.11675E+04    0.29011E+03    0.37197E+02   -0.73958E+01    0.51934E+00     4       Tsuji 73
C2N2       -0.20764E+04    0.39488E+03    0.37793E+01   -0.81874E+00    0.58365E-01     4     Burrows 99
C2N        -0.13482E+04    0.23706E+03    0.68431E+01   -0.14089E+01    0.10043E+00     3     Burrows 99
CO2        -0.16094E+04    0.26751E+03    0.11978E+02   -0.24661E+01    0.17580E+00     3     Burrows 99
F-         -0.33485E+03    0.30889E+02    0.17488E+02   -0.25221E+01    0.15454E+00     2     Burrows 99
AlF        -0.67479E+03    0.10845E+03    0.55909E+01   -0.99272E+00    0.65981E-01     2     Burrows 99
CaF        -0.53017E+03    0.83070E+02    0.55725E+01   -0.10794E+01    0.91608E-01     2     Burrows 99
CaF2       -0.11218E+04    0.19799E+03    0.72406E+01   -0.14027E+01    0.11834E+00     3     Burrows 99
MgOH       -0.77599E+03    0.19041E+03    0.14458E+02   -0.29354E+01    0.21205E+00     3       Tsuji 73
Al2O       -0.10558E+04    0.24246E+03    0.14854E+01   -0.28042E+00    0.19991E-01     3     Burrows 99
AlOH       -0.97328E+03    0.21539E+03    0.21277E+02   -0.43043E+01    0.30596E+00     3       Tsuji 73
AlFO       -0.12350E+04    0.23679E+03    0.13273E+02   -0.28198E+01    0.20281E+00     3     Burrows 99
AlClO      -0.10395E+04    0.22192E+03    0.17342E+02   -0.35820E+01    0.25211E+00     3     Burrows 99
NaOH       -0.76963E+03    0.19419E+03    0.12161E+02   -0.24523E+01    0.17807E+00     3       Tsuji 73
CSi2       -0.10830E+04    0.25286E+03    0.64211E+01   -0.12373E+01    0.77330E-01     3     Burrows 99
SiO2       -0.12504E+04    0.25449E+03    0.12429E+02   -0.25838E+01    0.18974E+00     3       Tsuji 73
H2S        -0.73508E+03    0.19126E+03    0.18709E+02   -0.35677E+01    0.24421E+00     3     Burrows 99
CS2        -0.11570E+04    0.26253E+03    0.49703E+01   -0.11157E+01    0.79532E-01     3     Burrows 99
AlCl       -0.50264E+03    0.10099E+03    0.55558E+01   -0.95924E+00    0.62187E-01     2     Burrows 99
ClNa       -0.40944E+03    0.85360E+02    0.69497E+01   -0.13684E+01    0.10123E+00     2     Burrows 99
ClK        -0.42289E+03    0.79754E+02    0.86977E+01   -0.18505E+01    0.15048E+00     2     Burrows 99
KOH        -0.78625E+03    0.19309E+03    0.11979E+02   -0.24317E+01    0.18311E+00     3       Tsuji 73
CaCl       -0.40490E+03    0.76481E+02    0.59596E+01   -0.11493E+01    0.95325E-01     2     Burrows 99
CaCl2      -0.89324E+03    0.19359E+03    0.43316E+01   -0.97147E+00    0.90663E-01     3     Burrows 99
CaOH       -0.83594E+03    0.18796E+03    0.13659E+02   -0.28215E+01    0.21824E+00     3       Tsuji 73
TiO2       -0.12742E+04    0.23579E+03    0.13286E+02   -0.24049E+01    0.17874E+00     3       Tsuji 73
VO2        -0.12429E+04    0.23036E+03    0.17159E+02   -0.32722E+01    0.23958E+00     3       Tsuji 73
HLi        -0.23837E+03    0.82149E+02    0.67805E+01   -0.13062E+01    0.94598E-01     2     Burrows 99
LiO        -0.32577E+03    0.88023E+02    0.54348E+01   -0.10184E+01    0.75726E-01     2     Burrows 99
FLi        -0.58060E+03    0.96792E+02    0.63270E+01   -0.11942E+01    0.87344E-01     2     Burrows 99
ClLi       -0.47756E+03    0.89399E+02    0.64984E+01   -0.12177E+01    0.88575E-01     2     Burrows 99
LiOH       -0.85802E+03    0.19687E+03    0.13028E+02   -0.26271E+01    0.19138E+00     3       Tsuji 73
BeH2       -0.63824E+03    0.19107E+03    0.17975E+02   -0.36754E+01    0.26329E+00     3     Burrows 99
BeO        -0.43648E+03    0.88239E+02    0.16127E+02   -0.39594E+01    0.29704E+00     2     Burrows 99
BeF        -0.57650E+03    0.88787E+02    0.75300E+01   -0.14086E+01    0.10008E+00     2     Burrows 99
BeCl       -0.38801E+03    0.82425E+02    0.71688E+01   -0.13286E+01    0.93894E-01     2     Burrows 99
BeCl2      -0.93080E+03    0.21474E+03    0.63560E+01   -0.12959E+01    0.95010E-01     3     Burrows 99
BeOH       -0.90264E+03    0.19461E+03    0.17131E+02   -0.34791E+01    0.25059E+00     3       Tsuji 73
BH         -0.39041E+03    0.22848E+03   -0.78261E+02    0.18766E+02   -0.14491E+01     2     Burrows 99
BH2        -0.85174E+03    0.33794E+03   -0.73121E+02    0.17670E+02   -0.13705E+01     3     Burrows 99
BO         -0.86460E+03    0.24436E+03   -0.79124E+02    0.18972E+02   -0.14630E+01     2     Burrows 99
B2O        -0.13840E+04    0.50899E+03   -0.16298E+03    0.38716E+02   -0.29752E+01     3     Burrows 99
BS         -0.64956E+03    0.23926E+03   -0.80325E+02    0.19166E+02   -0.14778E+01     2     Burrows 99
BF         -0.81028E+03    0.24553E+03   -0.79876E+02    0.19091E+02   -0.14708E+01     2     Burrows 99
BCl        -0.59493E+03    0.23818E+03   -0.80568E+02    0.19225E+02   -0.14804E+01     2     Burrows 99
BHO        -0.12823E+04    0.36288E+03   -0.74648E+02    0.17967E+02   -0.13907E+01     3     Burrows 99
BHO2       -0.18946E+04    0.48764E+03   -0.67647E+02    0.16616E+02   -0.12967E+01     4     Burrows 99
C-         -0.12749E+03    0.21658E+02    0.18451E+02   -0.27951E+01    0.17208E+00     2     Burrows 99
C2-        -0.99040E+03    0.13633E+03    0.24894E+02   -0.39342E+01    0.24655E+00     3     Burrows 99
C2H4       -0.22592E+04    0.56510E+03    0.36608E+02   -0.74328E+01    0.51929E+00     6     Burrows 99
NO2-       -0.11776E+04    0.26316E+03    0.24932E+02   -0.37697E+01    0.23723E+00     4     Burrows 99
H2N2       -0.11710E+04    0.31947E+03    0.24404E+02   -0.47698E+01    0.33391E+00     4     Burrows 99
H4N2       -0.17265E+04    0.53210E+03    0.34220E+02   -0.69271E+01    0.48655E+00     6     Burrows 99
CNN        -0.10749E+04    0.22655E+03    0.14135E+02   -0.28915E+01    0.21096E+00     3       Tsuji 73
NCN        -0.11866E+04    0.23311E+03    0.11815E+02   -0.25036E+01    0.18679E+00     3       Tsuji 73
C4N2       -0.32829E+04    0.65852E+03    0.97275E+01   -0.25224E+01    0.19222E+00     6     Burrows 99
NO2        -0.93976E+03    0.23796E+03    0.11918E+02   -0.22142E+01    0.15499E+00     3     Burrows 99
NO3        -0.11525E+04    0.39178E+03    0.99461E+01   -0.20114E+01    0.14558E+00     4     Burrows 99
N2O        -0.11142E+04    0.25056E+03    0.97253E+01   -0.19587E+01    0.14194E+00     3     Burrows 99
N2O4       -0.19384E+04    0.65973E+03    0.11090E+02   -0.25858E+01    0.19501E+00     6     Burrows 99
HNO        -0.84171E+03    0.20875E+03    0.15956E+02   -0.29718E+01    0.20566E+00     3     Burrows 99
HNO2       -0.12703E+04    0.34422E+03    0.16795E+02   -0.32785E+01    0.23007E+00     4     Burrows 99
HNO3       -0.15768E+04    0.49338E+03    0.18064E+02   -0.37058E+01    0.26411E+00     5     Burrows 99
CHNO       -0.17605E+04    0.35128E+03    0.18358E+02   -0.35964E+01    0.25181E+00     4     Burrows 99
O-         -0.14747E+03    0.20328E+02    0.17065E+02   -0.24457E+01    0.15018E+00     2     Burrows 99
O2-        -0.54846E+03    0.13208E+03    0.21857E+02   -0.32445E+01    0.20173E+00     3     Burrows 99
OH-        -0.61011E+03    0.11647E+03    0.28760E+02   -0.45405E+01    0.28961E+00     3       Tsuji 73
CO2-       -0.16606E+04    0.26417E+03    0.26174E+02   -0.40169E+01    0.25378E+00     4     Burrows 99
C2O        -0.13979E+04    0.24796E+03    0.70941E+01   -0.15997E+01    0.11738E+00     3     Burrows 99
CHO        -0.11421E+04    0.21043E+03    0.15630E+02   -0.29221E+01    0.19988E+00     3     Burrows 99
CH2O       -0.15214E+04    0.33435E+03    0.24070E+02   -0.47031E+01    0.32628E+00     4     Burrows 99
F2         -0.15859E+03    0.11560E+03    0.62276E+01   -0.11561E+01    0.77590E-01     2     Burrows 99
FO         -0.22010E+03    0.10406E+03    0.61834E+01   -0.11185E+01    0.75364E-01     2     Burrows 99
HNa        -0.20103E+03    0.77968E+02    0.72095E+01   -0.14562E+01    0.10767E+00     2     Burrows 99
NaO        -0.27235E+03    0.82687E+02    0.56951E+01   -0.11450E+01    0.86709E-01     2     Burrows 99
FNa        -0.47637E+03    0.92163E+02    0.64257E+01   -0.12751E+01    0.95167E-01     2     Burrows 99
MgO        -0.34255E+03    0.11025E+03   -0.96660E+01    0.18479E+01   -0.12141E+00     2     Burrows 99
MgS        -0.28188E+03    0.10147E+03   -0.89932E+01    0.17995E+01   -0.12011E+00     2     Burrows 99
FMg        -0.46328E+03    0.85251E+02    0.60739E+01   -0.11366E+01    0.81300E-01     2     Burrows 99
F2Mg       -0.10329E+04    0.21012E+03    0.78150E+01   -0.14363E+01    0.10239E+00     3     Burrows 99
ClMg       -0.31195E+03    0.77991E+02    0.64529E+01   -0.12060E+01    0.86104E-01     2     Burrows 99
Cl2Mg      -0.78261E+03    0.20096E+03    0.47870E+01   -0.98962E+00    0.74020E-01     3     Burrows 99
AlH        -0.27904E+03    0.69221E+02    0.20243E+02   -0.40500E+01    0.28059E+00     2     Burrows 99
AlO        -0.51252E+03    0.10754E+03    0.62988E+01   -0.15448E+01    0.11688E+00     2     Burrows 99
AlO2       -0.91393E+03    0.23486E+03    0.49535E+01   -0.10198E+01    0.72702E-01     3     Burrows 99
AlS        -0.39651E+03    0.79602E+02    0.18460E+02   -0.37131E+01    0.25866E+00     2     Burrows 99
AlF2       -0.11775E+04    0.20589E+03    0.16672E+02   -0.33114E+01    0.23193E+00     3     Burrows 99
AlCl2      -0.84718E+03    0.19082E+03    0.16849E+02   -0.33226E+01    0.23182E+00     3     Burrows 99
Si-        -0.14056E+03    0.20889E+02    0.19341E+02   -0.30872E+01    0.19413E+00     2       Tsuji 73
H4Si       -0.12942E+04    0.43325E+03    0.23268E+02   -0.46400E+01    0.32368E+00     5     Burrows 99
FSi        -0.55045E+03    0.10209E+03    0.50863E+01   -0.79270E+00    0.50606E-01     2     Burrows 99
F2Si       -0.11980E+04    0.23220E+03    0.76411E+01   -0.12929E+01    0.85559E-01     3     Burrows 99
ClSi       -0.37398E+03    0.95067E+02    0.50367E+01   -0.77527E+00    0.48828E-01     2     Burrows 99
Cl2Si      -0.86272E+03    0.21754E+03    0.74276E+01   -0.11916E+01    0.76561E-01     3     Burrows 99
HP         -0.30082E+03    0.85014E+02    0.71731E+01   -0.15674E+01    0.14155E+00     2     Burrows 99
H2P        -0.65187E+03    0.19057E+03    0.11717E+02   -0.25092E+01    0.22879E+00     3     Burrows 99
H3P        -0.97292E+03    0.30594E+03    0.23590E+02   -0.61486E+01    0.61598E+00     4     Burrows 99
CP         -0.58434E+03    0.10666E+03    0.51706E+01   -0.85916E+00    0.62142E-01     2     Burrows 99
PN         -0.68315E+03    0.10235E+03    0.81707E+01   -0.15064E+01    0.11157E+00     2       Tsuji 73
PO         -0.58803E+03    0.98650E+02    0.75557E+01   -0.13711E+01    0.10052E+00     2       Tsuji 73
PO2        -0.11263E+04    0.22525E+03    0.13664E+02   -0.26699E+01    0.19690E+00     3       Tsuji 73
PS         -0.45581E+03    0.98091E+02    0.38774E+01   -0.61341E+00    0.44454E-01     2     Burrows 99
FP         -0.44849E+03    0.97949E+02    0.52235E+01   -0.93868E+00    0.66621E-01     2     Burrows 99
F2P        -0.96394E+03    0.22044E+03    0.74980E+01   -0.13179E+01    0.93947E-01     3     Burrows 99
ClP        -0.30935E+03    0.90797E+02    0.46185E+01   -0.73620E+00    0.52505E-01     2     Burrows 99
COS        -0.13832E+04    0.25921E+03    0.83543E+01   -0.17775E+01    0.12671E+00     3     Burrows 99
SO2        -0.10691E+04    0.23494E+03    0.16553E+02   -0.33133E+01    0.23756E+00     3       Tsuji 73
SSO        -0.85850E+03    0.21693E+03   -0.52802E+02    0.98850E+01   -0.67114E+00     3       Tsuji 73
SO3        -0.14155E+04    0.38482E+03    0.21171E+02   -0.44574E+01    0.32700E+00     4       Tsuji 73
Cl-        -0.35542E+03    0.28959E+02    0.18234E+02   -0.26535E+01    0.16302E+00     2     Burrows 99
Cl2        -0.24258E+03    0.10561E+03    0.75171E+01   -0.13603E+01    0.90406E-01     2     Burrows 99
CCl        -0.33634E+03    0.98430E+02    0.63410E+01   -0.11327E+01    0.75288E-01     2     Burrows 99
CCl2       -0.72370E+03    0.22898E+03    0.56784E+01   -0.13138E+01    0.99512E-01     3     Burrows 99
CCl3       -0.10028E+04    0.35976E+03    0.86462E+01   -0.17148E+01    0.11967E+00     4     Burrows 99
CCl4       -0.13008E+04    0.51537E+03    0.62046E+01   -0.13717E+01    0.97783E-01     5     Burrows 99
ClO        -0.26975E+03    0.99501E+02    0.66585E+01   -0.11900E+01    0.80155E-01     2     Burrows 99
ClO2       -0.51649E+03    0.23222E+03    0.96690E+01   -0.18209E+01    0.12475E+00     3     Burrows 99
Cl2O       -0.40470E+03    0.22369E+03    0.89892E+01   -0.15989E+01    0.10843E+00     3     Burrows 99
ClS        -0.24216E+03    0.95221E+02    0.52881E+01   -0.87126E+00    0.57421E-01     2     Burrows 99
Cl2S       -0.53814E+03    0.21720E+03    0.84761E+01   -0.14598E+01    0.98189E-01     3     Burrows 99
ClHO       -0.66398E+03    0.20354E+03    0.16159E+02   -0.29367E+01    0.19775E+00     3     Burrows 99
CClO       -0.11510E+04    0.21875E+03    0.10559E+02   -0.19301E+01    0.13221E+00     3     Burrows 99
HK         -0.18242E+03    0.71986E+02    0.86219E+01   -0.18635E+01    0.15175E+00     2     Burrows 99
KO         -0.26508E+03    0.77451E+02    0.73921E+01   -0.16220E+01    0.13561E+00     2     Burrows 99
FK         -0.49283E+03    0.86734E+02    0.81155E+01   -0.17395E+01    0.14317E+00     2     Burrows 99
CaO        -0.38008E+03    0.83155E+02    0.15201E+02   -0.40235E+01    0.32348E+00     2     Burrows 99
CaS        -0.33224E+03    0.86986E+02    0.88451E+01   -0.27884E+01    0.24672E+00     2     Burrows 99
FTi        -0.62638E+03    0.11992E+03   -0.97651E+01    0.24395E+01   -0.18047E+00     2     Burrows 99
F2Ti       -0.13260E+04    0.25795E+03   -0.51083E+01    0.14358E+01   -0.11222E+00     3     Burrows 99
ClTi       -0.44714E+03    0.11338E+03   -0.94120E+01    0.23640E+01   -0.17564E+00     2     Burrows 99
Cl2Ti      -0.95913E+03    0.24579E+03   -0.43441E+01    0.13087E+01   -0.10429E+00     3     Burrows 99
VN         -0.46317E+03    0.96730E+02    0.11034E+02   -0.20573E+01    0.14717E+00     2       Tsuji 73
CrN        -0.36642E+03    0.99504E+02    0.34136E+01   -0.29044E+00    0.21834E-01     2     Burrows 99
CrO        -0.46063E+03    0.99128E+02    0.43185E+01   -0.10173E+01    0.14983E+00     2     Burrows 99
CrO2       -0.97454E+03    0.23129E+03    0.90083E+01   -0.26608E+01    0.38289E+00     3     Burrows 99
FeO        -0.41565E+03    0.10303E+03    0.59633E+01   -0.99083E+00    0.71938E-01     2     Burrows 99
FeS        -0.32390E+03    0.98106E+02    0.22910E+01   -0.18457E+00    0.15036E-01     2     Burrows 99
FFe        -0.44896E+03    0.10291E+03    0.51395E+01   -0.79526E+00    0.59552E-01     2     Burrows 99
F2Fe       -0.96563E+03    0.24010E+03   -0.10519E+01    0.16702E+00   -0.73302E-03     3     Burrows 99
ClFe       -0.28773E+03    0.91558E+02    0.31743E+01   -0.47969E+00    0.39408E-01     2     Burrows 99
Cl2Fe      -0.80140E+03    0.21575E+03    0.41008E+01   -0.92129E+00    0.76089E-01     3     Burrows 99
ClNi       -0.36788E+03    0.89982E+02    0.10057E+02   -0.20669E+01    0.14040E+00     2     Burrows 99
CuO        -0.28098E+03    0.93819E+02    0.28047E+01   -0.35411E+00    0.25243E-01     2     Burrows 99
CuF        -0.43053E+03    0.10182E+03    0.27323E+01   -0.31822E+00    0.20694E-01     2     Burrows 99
ClCu       -0.37063E+03    0.10072E+03    0.31750E+00    0.23927E+00   -0.16944E-01     2     Burrows 99
SrO        -0.42498E+03    0.90084E+02    0.10071E+02   -0.27869E+01    0.22945E+00     2       Tsuji 73
SrS        -0.33168E+03    0.85392E+02    0.92989E+01   -0.28484E+01    0.24937E+00     2       Tsuji 73
FSr        -0.53778E+03    0.83230E+02    0.48318E+01   -0.93788E+00    0.87129E-01     2     Burrows 99
F2Sr       -0.10884E+04    0.19037E+03    0.63174E+01   -0.12221E+01    0.11215E+00     3     Burrows 99
ClSr       -0.40915E+03    0.76158E+02    0.53645E+01   -0.10411E+01    0.93451E-01     2     Burrows 99
Cl2Sr      -0.87977E+03    0.17663E+03    0.74966E+01   -0.14327E+01    0.12597E+00     3     Burrows 99
SrOH       -0.83392E+03    0.18706E+03    0.12883E+02   -0.26508E+01    0.20879E+00     3       Tsuji 73
HZr        -0.30129E+03    0.52246E+02    0.30201E+02   -0.62608E+01    0.45970E+00     2     Burrows 99
ZrN        -0.36686E+03    0.96006E+02    0.11477E+02   -0.17634E+01    0.12158E+00     2       Tsuji 73
ZrO2       -0.13908E+04    0.22196E+03    0.16058E+02   -0.27064E+01    0.19018E+00     3       Tsuji 73
FZr        -0.58859E+03    0.53053E+02    0.38309E+02   -0.87299E+01    0.66572E+00     2     Burrows 99
F2Zr       -0.13074E+04    0.16859E+03    0.43836E+02   -0.96954E+01    0.72802E+00     3     Burrows 99
ClZr       -0.50806E+03    0.47640E+02    0.39055E+02   -0.88077E+01    0.67072E+00     2     Burrows 99
Cl2Zr      -0.10197E+04    0.17130E+03    0.40659E+02   -0.92110E+01    0.69662E+00     3     Burrows 99
HI         -0.29905E+03    0.88541E+02    0.82366E+01   -0.14364E+01    0.95953E-01     2     Burrows 99
BaO        -0.55933E+03    0.11399E+03   -0.88876E+01    0.30491E+01   -0.25419E+00     2     Burrows 99
BaS        -0.42157E+03    0.97419E+02   -0.20685E+01    0.13199E+01   -0.12027E+00     2     Burrows 99
BaF        -0.58733E+03    0.10060E+03   -0.87272E+01    0.28834E+01   -0.22058E+00     2     Burrows 99
BaF2       -0.11484E+04    0.20545E+03   -0.81103E+01    0.28047E+01   -0.20822E+00     3     Burrows 99
BaCl       -0.44908E+03    0.92441E+02   -0.74222E+01    0.25679E+01   -0.19775E+00     2     Burrows 99
BaCl2      -0.92766E+03    0.19199E+03   -0.68437E+01    0.25764E+01   -0.19314E+00     3     Burrows 99
BaOH       -0.87027E+03    0.18896E+03    0.89892E+01   -0.10740E+01    0.70526E-01     3       Tsuji 73
NbO        -0.78552E+03    0.11147E+03    0.90978E+01   -0.14344E+01    0.97349E-01     2     Burrows 99
C4         -0.19017E+04    0.41639E+03    0.60586E+01   -0.13658E+01    0.97361E-01     4     Burrows 99
C5         -0.26090E+04    0.55954E+03    0.97011E+01   -0.23535E+01    0.17391E+00     5     Burrows 99
TiH        -0.21488E+03    0.11067E+03   -0.74876E+01    0.15964E+01   -0.10026E+00     2     Burrows 05
CaH        -0.16113E+03    0.62038E+02    0.57323E+01   -0.26354E+00   -0.65830E-02     2       Tsuji 73
FeH        -0.16223E+03    0.10347E+03   -0.19416E+01    0.28429E+00    0.00000E+00     2     Burrows 99
CrH        -0.27122E+03    0.68838E+02    0.82661E+01   -0.54831E+00    0.62030E-02     2       Tsuji 73
