e-
	0.00000	     0.00000	  0.00000     0.00000	   0.00000
H
	0.00000      0.00000      0.00000     0.00000      0.00000
He
	0.00000      0.00000      0.00000     0.00000      0.00000
Li
	0.00000      0.00000      0.00000     0.00000      0.00000
Be
	0.00000      0.00000      0.00000     0.00000      0.00000
B
	0.00000      0.00000      0.00000     0.00000      0.00000
C
	0.00000      0.00000      0.00000     0.00000      0.00000
N
	0.00000      0.00000      0.00000     0.00000      0.00000
O
	0.00000      0.00000      0.00000     0.00000      0.00000
F
	0.00000      0.00000      0.00000     0.00000      0.00000
Ne
	0.00000      0.00000      0.00000     0.00000      0.00000
Na
	0.00000      0.00000      0.00000     0.00000      0.00000
Mg
	0.00000      0.00000      0.00000     0.00000      0.00000
Al
	0.00000	     0.00000	  0.00000     0.00000	   0.00000
Si
	0.00000      0.00000      0.00000     0.00000      0.00000
P
	0.00000      0.00000      0.00000     0.00000      0.00000
S
	0.00000      0.00000      0.00000     0.00000      0.00000
Cl
	0.00000      0.00000      0.00000     0.00000      0.00000
Ar
	0.00000      0.00000      0.00000     0.00000      0.00000
K
	0.00000      0.00000      0.00000     0.00000      0.00000
Ca
	0.00000      0.00000      0.00000     0.00000      0.00000
Ti
	0.00000      0.00000      0.00000     0.00000      0.00000
V
	0.00000      0.00000      0.00000     0.00000      0.00000
Cr
	0.00000      0.00000      0.00000     0.00000      0.00000
Mn
	0.00000      0.00000      0.00000     0.00000      0.00000
Fe
	0.00000      0.00000      0.00000     0.00000      0.00000
Co
	0.00000      0.00000      0.00000     0.00000      0.00000
Ni
	0.00000      0.00000      0.00000     0.00000      0.00000
Cu
	0.00000      0.00000      0.00000     0.00000      0.00000
Zn
	0.00000      0.00000      0.00000     0.00000      0.00000
Ga
	0.00000      0.00000      0.00000     0.00000      0.00000
Br
	0.00000      0.00000      0.00000     0.00000      0.00000
Kr
	0.00000      0.00000      0.00000     0.00000      0.00000
Rb
	0.00000      0.00000      0.00000     0.00000      0.00000
Sr
	0.00000      0.00000      0.00000     0.00000      0.00000
Zr
	0.00000      0.00000      0.00000     0.00000      0.00000
Nb
	0.00000      0.00000      0.00000     0.00000      0.00000
Mo
	0.00000      0.00000      0.00000     0.00000      0.00000
I
	0.00000      0.00000      0.00000     0.00000      0.00000
Xe
	0.00000      0.00000      0.00000     0.00000      0.00000
Cs
	0.00000      0.00000      0.00000     0.00000      0.00000
Ba
	0.00000      0.00000      0.00000     0.00000      0.00000
Hf
	0.00000      0.00000      0.00000     0.00000      0.00000
Ta
	0.00000      0.00000      0.00000     0.00000      0.00000
W
	0.00000      0.00000      0.00000     0.00000      0.00000
Hg
	0.00000      0.00000      0.00000     0.00000      0.00000
Pb
	0.00000      0.00000      0.00000     0.00000      0.00000
Rn
	0.00000      0.00000      0.00000     0.00000      0.00000
D
	0.00000      0.00000      0.00000     0.00000      0.00000
H+
	 1320.21    -15.1864     -14.8105     1.94515     -0.112150
H-
	-78.8330     22.2096      17.5016    -2.54862      0.157520
He+
	 2379.42    -24.4146     -16.1946     2.25665     -0.135627
Li+
	 527.477    -13.3217     -15.8742     2.15488     -0.122113
Li-
	-66.6047     24.1201      16.4081    -2.33065      0.146849
Be+
	 897.846    -28.2713     -13.7810     1.68205     -0.0883998
B+
	 809.893    -8.73500     -13.1849     1.57647     -0.0841649
B-
	-31.6329     10.4480      19.0950    -2.90963      0.184959
C+
	 1096.19    -20.6590     -12.9956     1.54305     -0.0803105
C-
	-126.734     19.6072      19.8758    -3.13088      0.198070
N+
	 1411.40    -27.4998     -14.8761     1.94667     -0.110942
N-
	 0.949508    9.88442      17.4344    -2.54768      0.159496
O+
	 1321.72    -15.1345     -14.2985     1.83273     -0.103389
O-
	-147.008     19.3384      17.7891    -2.61587      0.163322
F+
	 1689.54    -24.2952     -14.8062     1.94270     -0.112094
F-
	-334.394     29.7943      18.2582    -2.70106      0.168260
Ne+
	 2088.01    -30.7697     -17.3557     2.46879     -0.149587
Na+
	 501.881    -10.8275     -17.3522     2.47975     -0.147250
Na-
	-61.0704     26.6372      14.9148    -2.00198      0.121405
Mg+
	 744.871    -24.6250     -15.9646     2.17097     -0.124967
Al+
	 584.110    -4.64589	 -15.6140     2.11759     -0.124527
Al-
	-49.2782     14.4485	  16.3334    -2.41472	   0.151802
Si+
	 795.073    -17.8238     -14.6959     1.96782     -0.113173
Si-
	-140.562     20.8890      19.3411    -3.08719      0.194130
P+
	 1020.67    -22.2725     -17.8797     2.60130     -0.155575
P-
	-79.0233     13.7101      15.1781    -2.07144      0.127596
S+
	 1006.56    -15.1721     -14.5447     1.94038     -0.115539
S-
	-207.252     20.7109      16.8911    -2.39347      0.147136
Cl+
	 1259.51    -23.5119     -15.2248     2.02879     -0.119457
Cl-
	-355.414     28.6130      18.5693    -2.73554      0.169481
Ar+
	 1527.67    -29.6416     -17.4994     2.46146     -0.147709
K+
	 424.083    -9.08885     -18.3784     2.69359     -0.156873
K-
	-57.3514     28.3806      13.8853    -1.78732      0.111715
Ca+
	 596.644    -24.0148     -16.2234     2.17252     -0.116253
Ti+
	 666.339    -23.1206     -17.8904     2.63249     -0.153473
Ti-
	-14.1396     14.5752      16.5603    -2.14755      0.137166
V+
	 658.224    -21.5410     -13.5480     1.58506     -0.0795942
V-
	-56.7862     14.4114      20.3502    -2.98291      0.193309
Cr+
	 660.339    -18.1650     -16.1673     2.45006     -0.154716
Cr-
	-71.0210     19.6329      15.8234    -2.00257      0.127818
Mn+
	 724.613    -20.2291     -15.7676     2.09032     -0.119400
Fe+
	 767.133    -20.1428     -17.5547     2.45796     -0.140367
Fe-
	-22.4336     18.1143      15.9967    -2.15862      0.136584
Co+
	 766.645    -23.9697     -5.86083    -2.09848      0.239745
Co-
	-70.5937     18.3462      17.7450    -2.36697      0.140785
Ni+
	 755.602    -56.8995     -18.8026     2.96582     -0.191838
Ni-
	-119.005     25.4304      18.1897    -2.63711      0.163046
Cu+
	 752.521    -74.1697     -16.6501     2.38575     -0.136324
Cu-
	-125.679     24.9652      15.6230    -2.09758      0.132468
Zn+
	 907.579    -24.0013     -16.4022     2.29542     -0.137930
Zn-
	-21.7317     19.2257      15.8647    -2.18630      0.130726
Ga+
	 581.693    -3.60626     -17.1071     2.54082     -0.160142
Ga-
	-37.8528     18.7597      13.5784    -1.69221      0.0926273
Br+
	 1135.85     1.16942     -29.1397     5.07634     -0.346053
Kr+
	 1358.09    -30.5476     -15.8892     2.12055     -0.124828
Sr+
	 555.904    -22.9155     -17.0466     2.37552     -0.126955
Zr+
	 670.173    -21.9903     -17.0783     2.52236     -0.148191
Zr-
	-44.3317     11.3899      17.7332    -2.11723      0.123035
Nb+
	 671.886    -17.3721     -15.2058     1.90073     -0.104278
Nb-
	-91.8463     15.8835      19.9544    -2.84757      0.182934
Mo+
	 692.307    -17.9747     -15.8141     2.18005     -0.131579
Mo-
	-78.9690     19.8916      16.1885    -2.32588      0.165731
I+
	 1014.32    -18.1926     -17.4479     2.49896     -0.154862
I-
	-303.502     32.9146      14.4609    -1.83584      0.104752
Xe+
	 1177.50    -30.3701     -16.0248     2.20992     -0.133202
Cs+
	 380.186    -7.09582     -19.7671     3.02843     -0.175609
Cs-
	-55.2581     30.3528      12.5127    -1.45665      0.0933259
Ba+
	 508.382    -18.2786     -21.6238     3.54990     -0.211373
Hf+
	 661.602    -19.2680     -13.4964     2.22289     -0.159596
Hf-
	-7.10308     18.7995      18.2609    -2.18194      0.123774
Ta+
	 768.001    -15.9305     -19.7921     3.01359     -0.183140
Ta-
	-37.5410     28.7098      10.9343    -0.675842     0.0202775
W+
	 778.033    -25.2236     -19.9927     3.15908     -0.189669
W-
	-85.5182     0.860357     21.7243    -2.87588      0.183325
Hg+
	 1011.97    -63.7219     -18.9073     2.86156     -0.180910
Rn+
	 1044.19    -30.2649     -16.1298     2.24015     -0.134296
D+
	 1320.51    -15.0824     -14.8685     1.95706     -0.112981
D-
	-78.8965     22.3510      17.4185    -2.52991      0.156108
H2
	-434.517     93.1942      12.3774    -2.22487      0.146571
Li2
	-101.619     77.4509      4.49365    -0.641346     0.0314245
Be2
	-10.2163     60.0952      16.9153    -2.49197      0.161748
B2
	-289.063     102.508      4.30296    -0.818998     0.0577815
C2
	-594.844     113.425      4.98271    -0.869564     0.0567476
N2
	-944.134     110.816      10.7724    -2.01198      0.141536
O2
	-496.737     112.600      10.4683    -2.03838      0.141419
F2
	-157.445     111.569      8.65892    -1.71119      0.127018
Na2
	-88.5131     158.949     -75.3686     24.4936     -2.42332
Mg2
	-4.96572     48.3523      19.3360    -2.83558      0.133844
Al2
	-171.160     92.9499      1.87157    -0.363527     0.0236286
Si2
	-308.303     103.882      3.48064    -0.724346     0.0563201
P2
	-488.030     105.716      6.03051    -1.04617      0.0828842
S2
	-424.008     104.312      8.99722    -1.78419      0.127002
Cl2
	-241.450     103.424      8.92079    -1.68831      0.114954
K2
	-53.5242     68.0691      3.59860    -0.0659699    0.0153932
Ca2
	-13.2797     46.3052      13.3943    -1.89124      0.152747
Cu2
	-189.211     89.7550      3.30132    -0.474581     0.0453238
Br2
	-191.720     100.919      5.74023    -0.917780     0.0578139
Rb2
	-47.6157     65.3211      4.68198    -0.225371     0.0277921
I2
	-150.384     98.5632      4.74133    -1.07203      0.0869412
Cs2
	-44.7929     63.1211      4.05278     0.0286969    0.00850314
Pb2
	-57.3674     69.9593      0.472040    0.539735    -0.0357082
D2
	-442.172     97.1413      11.4008    -2.10741      0.141193
CO
	-1075.09     117.521      10.6976    -1.97961      0.137773
CH
	-339.324     85.6838      11.0414    -2.20063      0.154645
CN
	-753.068     104.687      10.6470    -2.07535      0.142264
OH
	-426.857     87.0307      12.0513    -2.17972      0.146443
DH
	-438.031     89.1229      11.9829    -2.18020      0.144557
DO
	-433.057     90.4544      11.1343    -2.06260      0.140773
HN
	-312.815     81.9371      11.6896    -2.15398      0.145447
CP
	-581.965     102.037      7.86115    -1.42574      0.105229
CS
	-711.964     111.983      9.52421    -1.75482      0.122980
DN
	-317.878     85.3339      10.6482    -2.00578      0.138943
DS
	-359.121     86.2858      9.60565    -1.77150      0.122151
FeS
	-292.448    -2.96381      60.6677    -12.0568      0.847857
HP
	-279.662     77.7443      10.4003    -1.97148      0.138982
HS
	-355.390     79.6170     -22.9525     4.40015     -0.303985
HLi
	-235.507     79.4478      8.35110    -1.64174      0.118782
BeH
	-219.598     70.3553      10.0900    -1.94338      0.137459
BH
	-334.101     92.2757      10.5155    -1.97999      0.135360
HNa
	-199.838     76.8428      7.75957    -1.54787      0.112104
HMg
	-194.882     66.8625      8.69669    -1.70113      0.120031
AlH
	-286.870     87.5029      9.61505    -1.85378      0.128638
HSi
	-289.917     80.5764      10.1587    -1.85491      0.126062
HK
	-182.812     74.0394      7.07402    -1.42127      0.109634
HZr
	-309.279     74.7552      12.9932    -2.07948      0.141397
HHg
	-39.7476     67.1446      7.65678    -1.58952      0.109702
HPb
	-175.992     67.1570      7.38183    -1.14590      0.0797972
CB
	-446.967     99.5778      8.49628    -1.58721      0.111084
CAl
	-355.350     95.4753      7.00777    -1.31488      0.0927708
CSi
	-445.036     108.407      2.23301    -0.348690     0.0248958
LiN
	-296.099     80.8010      6.18050    -1.22019      0.0916690
BeN
	-368.776     77.4565      8.14767    -1.58306      0.115638
BN
	-554.478     90.8037      9.13153    -1.75102      0.122153
MgN
	-329.888     73.8528      6.47606    -1.25491      0.0927420
AlN
	-277.940     85.6158      6.97772    -1.33048      0.0939026
SiN
	-548.650     100.200      9.25260    -1.94111      0.140998
VN
	-463.173     96.7296      11.0335    -2.05732      0.147170
CrN
	-364.107     94.8755      6.54206    -1.05466      0.0832223
ZrN
	-366.864     96.0062      11.4767    -1.76339      0.121579
LiO
	-322.995     85.4068      6.99237    -1.35745      0.100429
BeO
	-435.339     94.3681      12.1952    -3.03424      0.225243
BO
	-807.760     106.914      10.4190    -1.95151      0.134953
NO
	-630.355     99.8737      10.0498    -1.88844      0.132685
NaO
	-271.558     82.3234      5.81251    -1.14507      0.0844720
MgO
	-337.357     99.4245     -2.88660     0.292905    -0.00281069
AlO
	-510.528     103.850      8.42715    -2.00255      0.150225
SiO
	-797.736     112.965      9.53213    -1.75031      0.122177
PO
	-588.028     98.6496      7.55575    -1.37109      0.100520
SO
	-519.612     103.062      10.0149    -1.97062      0.138874
KO
	-265.930     80.4240      5.31001    -1.06436      0.0849815
CaO
	-381.542     90.9014      10.2581    -2.86534      0.233883
TiO
	-666.859     104.811      7.10219    -1.16262      0.0854599
VO
	-634.837     106.251      12.5854    -2.30701      0.162941
CrO
	-457.144     93.6573      6.63320    -1.09101      0.0872704
FeO
	-412.058     95.8383      10.1301    -1.87143      0.134969
CuO
	-279.508     90.4580      4.87020    -0.815907     0.0598751
SrO
	-424.981     90.0843      10.0712    -2.78686      0.229451
ZrO
	-798.637     113.411      9.06182    -1.93423      0.153246
NbO
	-781.396     103.039      14.1225    -2.55233      0.181120
MoO
	-596.112     98.3427      5.58244    -1.05718      0.0976144
CsO
	-261.957     78.7600      4.65480    -0.872609     0.0770842
BaO
	-551.151     95.3100      2.75827     0.391704    -0.0571772
TaO
	-836.925     98.8067      11.4375    -1.79538      0.113450
WO
	-673.454     80.1440      13.8439    -2.16932      0.150857
HgO
	-267.342     93.3776      6.78799    -1.27510      0.0888048
PbO
	-372.901     94.3538      5.05267    -0.561248     0.0365762
AlBr
	-424.380     96.3368      5.70218    -0.935512     0.0592748
AlCl
	-501.157     98.0690      7.30666    -1.34290      0.0904894
AlF
	-673.374     104.642      7.90690    -1.48972      0.102803
AlI
	-367.385     94.5272      5.01125    -0.852027     0.0556014
AlS
	-367.185     99.9764      6.69938    -1.65796      0.129260
BBr
	-436.294     99.9169      6.56285    -1.11651      0.0738669
BCl
	-538.660     101.871      8.31578    -1.55092      0.106566
BF
	-753.982     108.181      9.61500    -1.82017      0.126219
BI
	-360.178     98.4623      5.79522    -1.02664      0.0706876
BS
	-592.545     101.647      9.32926    -1.73072      0.118556
BaBr
	-401.140     75.2708      0.522884    0.849220    -0.0726149
BaCl
	-442.157     76.7695      2.32472     0.351402    -0.0345905
BaF
	-579.877     82.6594      2.40509     0.351351    -0.0334708
BaI
	-328.052     73.5231     -0.238769    0.938435    -0.0705959
BaS
	-417.471     87.9393      3.93693    -0.0507639   -0.0210870
BeBr
	-314.493     79.1942      6.70525    -1.17596      0.0814526
BeCl
	-383.420     80.2981      8.41361    -1.59574      0.113372
BeF
	-571.954     85.7540      9.30711    -1.79441      0.128442
BeI
	-259.602     76.7467      5.86963    -1.07271      0.0771835
BeS
	-336.433     90.8136      10.1522    -2.81953      0.223530
BrCa
	-338.160     74.1937      4.92576    -0.858637     0.0721456
BrCl
	-217.419     96.6547      7.00001    -1.17560      0.0765575
BrF
	-248.393     101.219      7.33368    -1.28635      0.0857313
BrH
	-365.002     86.4026      11.2060    -1.97897      0.131498
BrHg
	-68.3033     75.9921      4.25077    -0.700007     0.0432738
BrI
	-176.725     93.3152      5.41834    -0.888384     0.0436537
BrK
	-380.128     82.1857      4.57662    -0.782202     0.0607800
BrLi
	-423.956     86.1179      5.95411    -1.03848      0.0737578
BrMg
	-293.253     75.4836      5.39783    -0.905994     0.0620592
BrMo
	-312.505     83.9953      5.53544    -0.965393     0.0703408
BrN
	-282.540     89.3332      6.57572    -1.13781      0.0772662
BrNa
	-362.139     84.4792      4.98052    -0.853671     0.0596254
BrP
	-264.639     86.1461      5.05091    -0.783647     0.0553700
BrPb
	-235.477     76.3393      3.15262    -0.156316     0.00597761
BrSi
	-325.313     92.2334      4.30570    -0.593403     0.0347673
BrSr
	-364.225     73.5348      4.43943    -0.747210     0.0670386
BrTi
	-371.721     93.6790      1.38695    -0.191217     0.0241102
BrW
	-375.505     70.2933      10.8181    -1.52215      0.101202
BrZr
	-418.579     86.9196      8.77115    -1.35897      0.0935881
CBr
	-316.919     96.3174      4.99274    -0.777238     0.0506283
CCl
	-334.843     95.6933      7.88768    -1.44044      0.0987847
CF
	-539.615     100.597      9.04205    -1.69402      0.118122
CaCl
	-402.767     75.5674      6.46317    -1.24787      0.102042
CaF
	-527.950     80.8784      6.85240    -1.35440      0.111693
CaI
	-288.840     72.0721      4.46497    -0.804705     0.0711688
CaI2
	-648.840     187.770      1.07544    -0.273850     0.0435098
CaS
	-330.399     87.6660      8.13890    -2.58195      0.228835
ClCo
	-353.892     93.9259      11.1370    -1.79540      0.109009
ClCs
	-437.310     82.6589      5.25339    -0.960712     0.0810904
ClCu
	-366.895     91.7905      6.05058    -1.04348      0.0780600
ClD
	-435.173     91.6721      11.6422    -2.17388      0.148449
ClF
	-249.737     102.777      8.38515    -1.37715      0.0650436
ClFe
	-284.975     86.1236      6.30290    -1.12689      0.0848781
ClH
	-430.347     88.1530      12.8020    -2.35442      0.159035
ClHg
	-103.375     77.3583      5.99016    -1.10444      0.0740825
ClI
	-209.594     95.4358      6.33957    -1.10608      0.0748009
ClK
	-424.151     83.6948      6.00196    -1.14879      0.0887484
ClLi
	-475.175     87.7160      7.47100    -1.41904      0.102654
ClMg
	-310.845     77.0852      6.96892    -1.31016      0.0933323
ClNa
	-409.059     85.9838      6.44873    -1.22325      0.0877950
ClNi
	-368.070     90.9407      9.40418    -1.89961      0.126661
ClO
	-267.856     95.7806      8.88543    -1.68195      0.116736
ClP
	-307.683     87.5897      6.54794    -1.16141      0.0841079
ClPb
	-300.708     79.1597      4.72014    -0.553524     0.0363146
ClS
	-240.790     92.5768      6.87778    -1.21996      0.0832453
ClSi
	-371.845     92.0290      6.88296    -1.18444      0.0793396
ClSr
	-408.343     75.0171      5.93845    -1.13195      0.0965426
ClTi
	-439.283     94.7495      2.93291    -0.580373     0.0537243
ClW
	-417.511     71.0083      12.5345    -1.95157      0.133739
ClZr
	-523.771     88.1662      10.4446    -1.77795      0.125377
CsF
	-511.417     88.7790      5.40156    -1.00189      0.0854007
CuF
	-428.393     96.0260      6.27793    -1.09770      0.0791810
DF
	-575.258     97.6507      12.3439    -2.28330      0.155030
FFe
	-445.803     95.6087      9.37403    -1.68956      0.123570
FH
	-568.467     94.2211      13.1609    -2.37437      0.158670
FHg
	-136.678     82.2868      6.31921    -1.19670      0.0820707
FI
	-279.701     100.250      6.54149    -1.21972      0.0842327
FK
	-494.060     89.5311      6.12046    -1.19778      0.0935954
FLi
	-578.185     93.9775      7.97343    -1.54805      0.112949
FMg
	-462.012     82.9257      7.44836    -1.43533      0.103258
FMo
	-454.182     90.5417      7.80606    -1.53608      0.114292
FN
	-301.826     93.4031      8.70340    -1.66868      0.117723
FNa
	-475.936     91.6013      6.64048    -1.29300      0.0940974
FO
	-218.285     99.4383      8.95642    -1.73507      0.121415
FP
	-446.766     93.8172      7.72515    -1.47775      0.106721
FPb
	-353.822     82.1262      5.06752    -0.650818     0.0447237
FS
	-342.182     98.1756      7.50631    -1.37598      0.0956017
FSi
	-547.952     97.2236      8.03243    -1.44993      0.0998324
FSr
	-536.844     80.7209      6.23803    -1.21794      0.104563
FTi
	-618.441     100.033      3.34339    -0.678447     0.0620525
FW
	-542.799     76.7424      8.95055    -1.28698      0.0966696
FZr
	-604.256     92.4094      10.4100    -1.86165      0.132633
HI
	-297.211     85.0783      10.2733    -1.87929      0.128572
HgI
	-34.1577     73.6543      2.92560    -0.631288     0.0414626
KI
	-320.600     80.7961      4.02486    -0.735160     0.0606027
LiI
	-356.012     84.5393      5.24472    -0.963023     0.0715612
MgI
	-228.352     74.1886      4.70447    -0.834550     0.0601859
MgS
	-278.002     93.4023     -3.85689     0.613846    -0.0293048
MoI
	-266.215     81.1319      4.65440    -0.863034     0.0660819
NS
	-485.016     96.1419      8.57606    -1.59189      0.112877
NiS
	-348.265     94.4467      7.80573    -1.46860      0.104344
PN
	-683.146     102.346      8.17070    -1.50635      0.111570
PS
	-453.759     94.2672      6.17130    -1.06943      0.0787432
PbI
	-193.712     75.1079      2.58773    -0.0921267    0.00396990
PbS
	-339.416     90.1335      4.72243    -0.440644     0.0214344
SiI
	-241.772     91.6681      3.26574    -0.448189     0.0268481
SiS
	-619.267     107.942      8.49037    -1.50888      0.104147
SrI
	-300.647     71.4636      3.84150    -0.700684     0.0667196
SrS
	-331.683     85.3923      9.29895    -2.84836      0.249369
TiI
	-305.279     91.5404      0.694170   -0.124469     0.0224871
ZrI
	-123.586     82.2448      8.62447    -1.17679      0.0775062
H2+
	 1057.25     71.8991     -10.1606     1.14774     -0.0642942
H2-
	-200.241     100.858      25.1990    -4.03294      0.257917
C2-
	-986.487     127.860      30.0659    -5.05240      0.333119
N2+
	 566.346     85.6208     -4.93360     0.0276581    0.0186007
N2-
	-796.468     117.028      26.0809    -4.11684      0.267449
O2+
	 675.026     92.8219     -5.23946     0.181200     0.00936449
O2-
	-546.178     127.154      24.9800    -3.95149      0.255174
D2+
	 1057.26     67.6583     -6.89738     0.348375    -0.00122847
D2-
	-207.747     104.028      23.7995    -3.76222      0.239349
DH+
	 1059.28     59.7668     -6.00112     0.181692     0.00983393
DH-
	-203.900     102.298      24.5713    -3.91181      0.249616
OH+
	 852.392     69.1943     -4.09870     0.00364254   0.0172017
CH+
	 694.886     93.3858      13.1445    -2.50116      0.173483
CN+
	 617.046     72.6180     -5.29988     0.0523621    0.0233818
HSi+
	 482.270     72.4301     -5.14101     0.215853     0.00448450
LiO-
	-475.545     117.071      22.4399    -3.44208      0.223049
KO-
	-478.132     115.276      18.8608    -2.72414      0.175661
NO+
	 270.662     92.9141     -4.84645     0.128972     0.0132688
NaO-
	-478.985     115.866      20.0838    -2.97216      0.187706
AlCl+
	 412.675     75.7559     -8.62747     0.816429    -0.0403492
AlF+
	 284.609     82.4848     -8.34705     0.502622    -0.00683758
AlO+
	 416.146     73.2698     -10.0886     1.06457     -0.0508577
AlO-
	-848.194     128.772      23.4450    -3.60381      0.228624
BCl+
	 556.335     74.6089     -6.21833     0.334633    -0.00120569
BaF+
	-107.823     72.7637     -13.3488     2.21732     -0.140945
BeCl+
	 536.824     63.3239     -5.83427     0.0384321    0.0162671
BeH+
	 617.325     56.0432     -4.79881     0.0517090    0.0191362
CF+
	 356.927     90.2334     -4.91845     0.0654475    0.0199367
ClMg+
	 386.186     62.3184     -7.85406     0.347224    -0.00352564
ClPb+
	 429.610     67.5120     -13.2180     2.13892     -0.130321
ClS+
	 665.365     75.2091     -8.09850     0.729219    -0.0314625
FMg+
	 286.475     77.8971     -17.9049     2.27384     -0.118697
FP+
	 506.644     78.6828     -10.4288     1.27357     -0.0644109
FP-
	-560.639     114.716      21.1409    -3.07989      0.195230
FS+
	 637.218     80.2290     -7.68363     0.639933    -0.0242862
FS-
	-543.030     124.141      23.5834    -3.60153      0.224864
FSr+
	-45.3031     70.2220     -9.53927     0.760650    -0.0173312
C3
	-1328.08     230.241      20.3480    -3.67473      0.251483
N3
	-1001.23     227.877      13.0300    -2.76125      0.205369
O3
	-601.451     236.850      15.7169    -3.17898      0.228700
C2H
	-1171.25     215.376      18.4968    -3.78313      0.267097
C2N
	-1347.09     233.813      9.21214    -1.95501      0.147341
C2O
	-1393.16     238.528      12.6266    -2.77375      0.206930
C2Si
	-1265.34     241.103      11.5240    -2.35148      0.162630
CH2
	-763.520     185.277      21.9760    -4.23177      0.294522
CHN
	-1269.15     216.401      18.9807    -3.84583      0.274370
CHO
	-1137.38     201.265      20.9616    -4.06446      0.285390
CKN
	-1196.97     214.144      8.70810    -1.84520      0.147049
CNNa
	-1200.35     216.870      9.17694    -1.93014      0.146823
CNO
	-1276.26     234.169      14.1450    -2.95123      0.216515
CO2
	-1605.20     259.173      16.9009    -3.52567      0.255434
CSi2
	-1077.83     244.677      11.3864    -2.32428      0.160033
D2O
	-938.757     200.402      23.0510    -4.47811      0.311183
DHO
	-931.107     189.758      24.5782    -4.70789      0.324421
H2N
	-715.272     177.968      24.9076    -4.77584      0.326462
H2O
	-923.736     190.938      25.9479    -4.91111      0.335922
H2P
	-628.013     230.098     -27.4819     4.98531     -0.306749
H2S
	-730.582     183.087      23.4459    -4.54118      0.315876
HNO
	-837.354     200.336      20.9253    -4.06166      0.286318
HO2
	-711.049     198.815      21.8151    -4.29670      0.300848
TiO2
	-1274.24     235.792      13.2855    -2.40492      0.178739
VO2
	-1242.90     230.364      17.1593    -3.27216      0.239581
WO2
	-1269.81     201.389      18.2606    -3.10381      0.224484
ZrO2
	-1390.76     221.959      16.0580    -2.70635      0.190182
Al2O
	-1051.27     232.824      7.37301    -1.59942      0.118923
AlCl2
	-850.450     199.618      11.1743    -2.09881      0.145363
AlClF
	-1017.43     199.485      11.9622    -2.29336      0.160627
AlClO
	-1045.53     236.102      9.31608    -1.98237      0.145616
AlF2
	-1180.24     211.520      12.9093    -2.51941      0.178088
AlFO
	-1236.79     241.061      10.3828    -2.23286      0.164817
AlHO
	-760.014     218.313      16.3476    -3.44371      0.250596
AlO2
	-911.552     229.535      8.40395    -1.81369      0.133412
AlOH
	-973.282     215.388      21.2772    -4.30433      0.305961
B2O
	-1270.09     233.253      16.6835    -3.26917      0.231746
BBr2
	-718.707     203.006      9.94174    -1.69844      0.113942
BBrCl
	-801.337     198.693      11.7700    -2.15077      0.148014
BBrF
	-989.257     205.252      13.1946    -2.47033      0.171950
BBrO
	-1169.40     234.686      10.6981    -2.15218      0.154174
BCl2
	-879.786     205.004      12.8102    -2.45264      0.169072
BClF
	-1071.93     206.471      15.0281    -2.92066      0.205746
BClO
	-1244.06     236.179      12.7522    -2.64952      0.191402
BF2
	-1305.94     217.414      15.5897    -3.05767      0.215324
BFO
	-1488.03     242.095      14.4016    -3.01471      0.218573
BH2
	-792.142     194.980      19.7143    -3.97864      0.281435
BHS
	-1001.69     214.167      17.3179    -3.51590      0.250663
BI2
	-528.853     200.797      8.56366    -1.54164      0.109127
BO2
	-1340.01     240.118      11.7435    -2.48995      0.181861
BaBr2
	-826.736     177.628      1.45421     0.787252    -0.0629930
BaCl2
	-919.596     174.014      4.33784     0.0392105   -0.00592464
BaF2
	-1140.21     185.120      4.51374    -0.0616128    0.00401309
BaI2
	-695.081     184.350      0.314500    0.896742    -0.0645106
BaOH
	-870.273     188.958      8.98920    -1.07398      0.0705258
Be2O
	-956.998     206.653      13.1881    -2.84171      0.214852
BeBr2
	-775.166     208.152      5.99127    -1.11386      0.0804570
BeCl2
	-924.926     209.877      9.32864    -1.95306      0.143935
BeClF
	-1095.67     208.847      10.1815    -2.15611      0.159604
BeF2
	-1276.19     220.872      11.5255    -2.45743      0.182175
BeH2
	-631.566     185.723      20.8042    -4.29095      0.309942
BeI2
	-600.098     203.531      4.14710    -0.858918     0.0685267
BeOH
	-902.640     194.606      17.1312    -3.47914      0.250589
Br2Ca
	-785.581     187.931      2.08307    -0.354170     0.0428533
Br2Fe
	-679.741     191.229      4.22898    -0.806045     0.0639805
Br2Hg
	-369.600     202.324      2.12662    -0.263461     0.0145540
Br2Mg
	-672.563     194.686      3.00799    -0.485171     0.0349977
Br2Mo
	-714.943     210.508     -4.89615     1.06106     -0.0561309
BrNO
	-749.091     209.352      13.1900    -2.45704      0.172493
Br2Pb
	-522.248     183.401      3.99847    -0.135750     0.00411830
Br2Si
	-723.723     206.854      8.14183    -1.24952      0.0794474
Br2Sr
	-794.108     189.517      1.53741    -0.227989     0.0374216
Br2Ti
	-874.870     218.249      3.72349    -0.570397     0.0438655
Br2Zr
	-1005.98     209.841      7.19850    -0.998991     0.0618336
C2Be
	-1189.81     227.821      13.9609    -2.89917      0.214715
CBrN
	-1112.54     232.560      10.3056    -2.15238      0.155029
CCl2
	-718.657     218.823      11.7073    -2.62450      0.198333
CClN
	-1170.18     234.514      12.4462    -2.67130      0.194075
CClO
	-1147.39     211.795      14.6661    -2.80853      0.198408
CF2
	-1054.55     228.249      16.3033    -3.18394      0.222966
CFN
	-1230.01     238.618      14.0029    -2.89621      0.211046
CFO
	-1213.80     222.383      17.0514    -3.33502      0.237525
CHF
	-885.566     199.769      21.8720    -4.29596      0.295774
CHP
	-1098.30     214.505      15.9356    -3.25900      0.235935
CNI
	-1067.92     229.761      9.70671    -1.97625      0.145780
CNN
	-1074.88     226.549      14.1348    -2.89147      0.210962
CoF2
	-939.776     212.429      14.2442    -2.61111      0.180360
COS
	-1378.25     249.377      14.2056    -2.99930      0.219259
CS2
	-1151.16     251.135      11.7569    -2.49525      0.184321
CaCl2
	-890.977     192.445      5.05019    -1.11983      0.101197
CaF2
	-1118.94     193.500      9.94971    -1.99714      0.162380
CaOH
	-835.938     187.961      13.6595    -2.82155      0.218243
Cl2Co
	-762.064     207.947      8.34097    -1.54042      0.106199
Cl2Fe
	-797.730     208.542      8.31706    -1.80778      0.139341
Cl2Hg
	-449.056     207.443      5.63687    -1.14778      0.0817038
Cl2Mg
	-780.865     198.690      6.21101    -1.30062      0.0969612
Cl2Ni
	-745.123     214.620      7.28652    -1.59916      0.116139
Cl2O
	-401.406     217.067      13.0108    -2.49205      0.175107
Cl2Pb
	-610.575     185.403      7.24709    -0.951858     0.0647925
Cl2S
	-534.999     210.918      12.2846    -2.30281      0.161016
Cl2Si
	-858.748     210.663      11.6355    -2.12987      0.146830
Cl2Sr
	-878.562     174.820      8.50130    -1.61569      0.135763
Cl2Ti
	-951.472     227.939      7.52615    -1.51876      0.115757
Cl2W
	-1104.78     188.727      11.8727    -2.24327      0.168232
Cl2Zr
	-1036.21     213.580      11.0597    -1.95769      0.134383
ClDO
	-667.533     201.548      18.8167    -3.61700      0.251666
ClFMg
	-914.626     206.750      11.1736    -2.15793      0.155311
ClHO
	-659.977     195.924      20.7000    -3.92836      0.270968
ClLiO
	-541.254     202.043      14.1790    -2.78569      0.202982
ClNO
	-788.795     211.130      14.7390    -2.94903      0.208494
ClO2
	-511.984     223.014      15.2301    -3.06121      0.218004
ClOTi
	-1085.73     237.960      8.70299    -1.64995      0.129931
ClS2
	-594.435     203.699      12.0752    -2.26389      0.160143
CrO2
	-968.529     221.956      12.1463    -2.23399      0.172660
Cs2O
	-492.711     190.839      5.79870    -1.06569      0.109213
CsOH
	-800.768     190.732      10.9468    -2.18109      0.170896
CuF2
	-760.986     211.430      11.3322    -2.21873      0.160566
D2N
	-727.900     187.289      21.7326    -4.25497      0.294641
D2S
	-741.541     192.160      20.1583    -3.96046      0.278263
F2Fe
	-961.540     229.453      5.36569    -1.23223      0.102006
F2Hg
	-511.944     217.077      6.55110    -1.40229      0.102690
F2Mg
	-1030.28     204.031      11.4991    -2.25273      0.163248
F2Mo
	-978.812     224.282      5.06339    -1.15600      0.109761
F2N
	-586.385     214.511      14.9565    -2.95314      0.211428
F2O
	-380.488     224.532      14.2393    -2.80303      0.199767
F2P
	-960.846     212.100      12.6229    -2.43342      0.177461
F2Pb
	-787.101     196.298      8.26095    -1.24090      0.0898168
F2S
	-729.651     221.525      14.1366    -2.75104      0.196066
F2Si
	-1193.55     222.093      13.8525    -2.65506      0.187767
F2Sr
	-1087.02     186.070      8.84335    -1.75177      0.148267
F2Ti
	-1317.91     236.919      8.68097    -1.82695      0.140770
F2Zr
	-1323.18     207.367      16.3162    -2.90757      0.200701
FHO
	-641.791     199.216      21.1878    -4.06479      0.283154
FLiO
	-577.041     206.137      13.4164    -2.65966      0.195276
FNO
	-864.070     218.114      15.8153    -3.10567      0.221959
FO2
	-562.294     214.987      14.3200    -2.80798      0.200278
FOTi
	-1232.37     244.106      9.68699    -1.88801      0.148450
FPS
	-842.385     206.379      13.1040    -2.51786      0.185155
FeI2
	-540.488     191.731      3.12673    -0.713091     0.0642415
INO
	-714.240     206.489      12.0958    -2.29258      0.163814
KOH
	-786.249     193.088      11.9792    -2.43167      0.183110
Li2O
	-732.671     205.534      7.38657    -1.63602      0.131939
LiOH
	-858.016     196.873      13.0284    -2.62710      0.191378
LiON
	-698.674     201.716      12.5401    -2.47681      0.183587
LiONa
	-617.658     190.793      12.7338    -2.54966      0.192401
MgI2
	-520.017     191.068      1.67921    -0.335884     0.0305986
MgOH
	-775.989     190.405      14.4581    -2.93537      0.212055
MoI2
	-614.840     205.290     -6.51204     1.27335     -0.0651994
MoO2
	-1162.90     220.998      12.4394    -2.49564      0.199247
N2O
	-1109.46     241.010      15.4729    -3.23683      0.237411
NCN
	-1186.60     233.112      11.8154    -2.50357      0.186792
NO2
	-934.885     228.143      17.8111    -3.52443      0.252857
NaOH
	-769.635     194.186      12.1607    -2.45229      0.178072
NbO2
	-1427.94     227.471      18.8660    -3.56674      0.259781
PO2
	-1126.32     225.245      13.6644    -2.66988      0.196901
PbI2
	-411.251     176.281      2.63050     0.0249510   -0.00126140
SO2
	-1069.07     234.938      16.5534    -3.31327      0.237556
Si2N
	-972.180     226.876      8.48181    -1.71835      0.128075
Si3
	-710.846     229.540      7.12730    -1.41524      0.100264
SiI2
	-569.070     203.897      6.82573    -1.10360      0.0753293
SiO2
	-1250.44     254.487      12.4286    -2.58384      0.189737
SSO
	-858.505     216.932     -52.8020     9.88499     -0.671135
SrI2
	-652.006     186.193      0.362818   -0.110975     0.0353508
SrOH
	-833.919     187.065      12.8835    -2.65080      0.208787
TaO2
	-1477.97     217.715      16.0180    -2.51263      0.166972
TiI2
	-705.553     216.027      2.56618    -0.458018     0.0421830
ZrI2
	-887.957     193.449      9.23848    -1.18039      0.0785698
CHO+
	-346.878     204.049      2.90624    -1.57493      0.136852
CO2-
	-1654.21     250.910      34.2387    -5.80233      0.389087
Al2O+
	-253.735     207.855     -10.4104     0.997095    -0.0412486
AlCl2+
	-88.6946     204.266     -8.90717     0.749940    -0.0271267
AlCl2-
	-1052.93     223.498      26.0458    -4.05977      0.258630
AlClF+
	-251.742     206.677     -8.49205     0.639439    -0.0182083
AlF2+
	-393.851     220.925     -7.74852     0.461512    -0.00447459
AlF2-
	-1395.81     237.112      27.0912    -4.33157      0.280809
AlO2-
	-1316.35     266.870      24.5738    -4.04619      0.267969
AlOH+
	-251.229     190.332      0.142080   -0.984489     0.0922528
AlOH-
	-1026.80     214.989      33.4311    -5.47343      0.356859
BCl2+
	-124.456     200.132     -6.22585     0.169661     0.0143593
BCl2-
	-947.071     228.800      30.1788    -4.96513      0.319300
BF2+
	-392.258     220.921     -3.24195    -0.473461     0.0623992
BF2-
	-1518.92     242.343      32.0649    -5.36116      0.351022
BHO+
	 166.472     184.222      4.97928    -2.20292      0.186494
BHO-
	-1269.88     213.905      35.2274    -5.99865      0.397496
BHS+
	 78.2595     185.587     -0.364640   -0.978229     0.0966933
BO2-
	-1750.78     271.803      31.3749    -5.41351      0.364207
BaOH+
	-374.462     181.322     -10.5609     1.93617     -0.114942
BeOH+
	-27.9096     183.187     -0.0361490  -1.00849      0.0991523
Br2Mg+
	 340.884     200.806     -40.2779     7.81372     -0.553557
CF2+
	 70.2412     203.302      0.737169   -1.06888      0.0999219
CaOH+
	-274.116     179.226     -5.16779     0.00656537   0.0431412
Cl2Pb+
	 379.675     167.519     -10.1425     1.56621     -0.0897301
Cl2S+
	 381.656     193.665     -8.15339     0.914370    -0.0481159
CsOH+
	-102.453     165.319     -9.73441     1.07641     -0.0397731
F2K-
	-943.372     235.191      19.2048    -2.92708      0.195200
F2Li-
	-1029.12     243.287      24.7493    -4.06972      0.272120
F2Mg+
	 288.405     186.645     -9.53298     0.813322    -0.0269366
F2Na-
	-935.986     238.500      20.6878    -3.23169      0.211149
F2P+
	-1.58529     203.654     -6.26580     0.428725    -0.00391322
F2P-
	-1114.85     241.022      25.9687    -4.05455      0.265694
F2S+
	 268.820     200.158     -3.91847    -0.0752886    0.0285897
F2S-
	-833.464     232.728      26.7931    -4.25008      0.276211
KOH+
	-57.5624     166.297     -7.97321     0.662403    -0.0152739
LiOH+
	 154.149     169.873     -5.07054     0.0459487    0.0248457
MgOH+
	-27.8356     181.492     -4.25631    -0.117813     0.0346212
N2O+
	 141.563     211.411     -4.65432    -0.173934     0.0441637
NO2-
	-1173.44     254.042      30.7253    -5.09035      0.337435
NaOH+
	 104.648     166.009     -7.10140     0.484775    -0.00844999
SrOH+
	-308.866     178.553     -6.17901     0.232326     0.0304221
C4
	-1891.44     395.409      18.4255    -4.01675      0.299885
C5
	-2598.14     537.387      22.7626    -5.13132      0.386811
C2H2
	-1637.79     333.209      26.5201    -5.58507      0.399100
C2H4
	-2244.64     536.249      53.5535    -11.1119      0.794565
C2H4O
	-2597.00     670.954      60.4666    -12.8059      0.923860
CH2O
	-1513.02     317.691      33.7281    -6.80004      0.482813
CH3
	-1220.37     295.007      33.8908    -6.68891      0.468508
CH4
	-1657.15     413.734      48.8998    -9.90731      0.700056
H3P
	-943.105     286.435      30.6649    -6.20295      0.445670
NH3
	-1167.55     290.111      37.1968    -7.39581      0.519336
NO3
	-1144.10     374.303      20.5657    -4.39389      0.324610
Al2Br6
	-2264.05     826.387     -3.38819     0.323538    -0.0132930
Al2Cl6
	-2678.12     837.119      8.21175    -2.55191      0.204095
Al2F6
	-3761.23     882.083      17.9518    -4.79038      0.374010
Al2I6
	-1787.14     815.551     -8.37794     0.992634	  -0.0429959
Al2O2
	-1548.07     361.813      11.0232    -2.41495      0.181040
AlBO2
	-1924.73     360.789      19.2148    -4.06218      0.296932
AlBr3
	-1073.25     334.410      6.05043    -1.02004      0.0683509
AlCl2F
	-1439.32     335.402      12.3872    -2.59629      0.188132
AlCl3
	-1275.41     339.102      11.3702    -2.35378      0.169406
AlClF2
	-1605.35     342.063      13.5799    -2.87667      0.209649
AlF2O
	-1842.46     342.537      13.8961    -2.99962      0.218070
AlF3
	-1773.28     356.465      14.6917    -3.13732      0.229614
AlF4Li
	-2654.04     601.824      14.5797    -3.63419      0.284009
AlF4Na
	-2590.06     599.299      12.7122    -3.24089      0.254533
AlHO2
	-1501.44     336.035      22.7363    -4.67668      0.336332
AlI3
	-841.350     329.572      3.90028    -0.763505     0.0594280
B10H14
	-8567.85     2724.37      163.489    -37.9479      2.81820
B2BeO4
	-3783.94     746.464      28.7500    -6.76465      0.513515
B2Cl4
	-2089.35     598.628      20.2261    -4.42057      0.323567
B2F4
	-2862.96     611.777      28.3340    -6.18667      0.453817
B2F4O
	-3574.37     745.512      40.9424    -9.05673      0.667545
B2H4O4
	-4261.71     1038.35      59.8836    -13.1584      0.960061
B2H6
	-2375.85     738.726      65.0432    -14.0566      1.01806
B2O2
	-2070.18     377.936      16.6483    -3.68757      0.272474
B2O3
	-2697.73     494.705      23.6389    -5.15567      0.379380
B3Cl3O3
	-4413.57     1041.48      27.6387    -6.95812      0.534163
B3F2HO3
	-4780.01     1027.27      43.8251    -10.3075      0.774247
B3F3O3
	-5019.94     1059.97      36.7088    -8.88355      0.674178
B3FH2O3
	-4529.24     995.864      49.7471    -11.4426      0.851876
B3H3O3
	-4286.90     973.188      55.5927    -12.5376      0.925704
B3H3O6
	-6083.88     1392.96      59.1855    -13.9223      1.04321
B3H6N3
	-4898.53     1285.07      86.8660    -19.3329      1.41831
B5H9
	-4667.56     1484.81      107.987    -24.2490      1.78080
BBeO2
	-1859.74     336.948      20.1308    -4.27210      0.315282
BBr2Cl
	-1173.82     339.740      11.4469    -2.22281      0.156613
BBr2F
	-1374.18     344.655      13.2965    -2.62957      0.186782
BBr2H
	-1102.34     316.754      18.7726    -3.68951      0.259766
BBr3
	-1096.74     347.483      9.33185    -1.70855      0.117986
BBrCl2
	-1247.99     341.123      13.4723    -2.71784      0.193827
BBrF2
	-1646.67     351.275      17.3187    -3.55910      0.256022
BCl2F
	-1522.60     346.890      17.2896    -3.60617      0.260179
BCl2H
	-1264.58     320.678      23.0247    -4.71922      0.336973
BCl3
	-1323.46     351.216      15.7433    -3.26472      0.234827
BClF2
	-1721.29     352.783      19.4507    -4.07547      0.294736
BF2H
	-1666.09     331.653      26.7823    -5.52495      0.395846
BF2HO
	-2263.24     464.212      33.1987    -7.01847      0.506999
BF2O
	-1800.16     355.242      20.1787    -4.26368      0.309312
BF3
	-1929.37     366.516      21.2965    -4.47640      0.324256
BF4K
	-2512.50     622.603      21.0303    -4.95736      0.383023
BH2O2
	-1964.97     447.769      32.6550    -6.91054      0.499951
BH3
	-1102.77     296.887      35.4740    -7.06348      0.495450
BH3O3
	-2944.32     662.823      54.9606    -11.1584      0.794259
BHO2
	-1832.15     338.807      28.7200    -5.82290      0.414531
BI3
	-806.740     342.536      6.44456    -1.29906      0.0980673
BKO2
	-1817.68     330.725      15.8130    -3.37694      0.257730
BLiO2
	-1860.53     331.345      16.6934    -3.54139      0.263930
BNaO2
	-1810.29     333.794      16.3361    -3.47445      0.258464
BaH2O2
	-1735.33     397.679      17.1445    -2.86640      0.207525
Be2Cl4
	-1878.79     545.475      8.77470    -2.29704      0.182906
Be2F2O
	-2255.76     443.388      17.1340    -3.92000      0.299338
Be2O2
	-1551.74     337.791      19.7259    -4.24621      0.318485
Be3O3
	-2766.13     604.580      33.6268    -7.60227      0.574844
Be4O4
	-3871.51     849.928      48.0941    -20.7322      1.86629
Be5O5
	-4964.79     1141.34      44.0258    -10.8843      0.849096
Be6O6
	-6082.85     1414.47      52.0826    -13.0971      1.02638
BeF3Li
	-1602.32     472.855      23.7417    -5.31730      0.402103
BeH2O2
	-1928.59     440.044      26.8323    -5.82656      0.426596
Br2H2Si
	-1294.36     425.355      23.6768    -4.86670      0.349409
Br2K2
	-941.261     291.815      2.15723    -0.370259     0.0454681
Br2Li2
	-1040.52     307.189      5.97683    -1.16001      0.0924872
Br2Na2
	-923.027     304.335      3.51441    -0.638917     0.0526432
Br3HSi
	-1301.86     450.088      14.6182    -2.93209      0.209644
Br3Mo
	-1001.55     328.862      2.83186    -0.633216     0.0658221
Br3OP
	-1303.55     482.551      8.02221    -1.64565      0.125442
Br3P
	-795.732     334.915      5.07458    -0.788646     0.0568390
Br3PS
	-1206.90     477.519      5.67921    -1.13062      0.0885479
Br3Si
	-984.364     334.733      6.80737    -1.12004      0.0753272
Br3Ti
	-1181.46     341.542      2.58317    -0.250476     0.0258365
Br3Zr
	-1373.56     328.546      8.29927    -0.988351     0.0614360
Br4Fe2
	-1530.51     544.158      0.331679   -0.172773     0.0301267
Br4Mg2
	-1507.81     533.218     -2.80148     0.438007    -0.0214349
Br4Mo
	-1275.76     459.513      0.763455   -0.0576681    0.0182621
Br4Pb
	-1097.74     447.485     -1.76623     0.821766    -0.0596143
Br4Si
	-1309.71     482.220      4.62287    -0.793034     0.0546965
Br4Ti
	-1468.66     476.958      2.73542    -0.251472     0.0241127
Br4Zr
	-1699.14     461.159      5.57020    -0.541332     0.0318478
Br5Nb
	-1733.05     606.364      4.85958    -0.798545     0.0610203
Br5W
	-1607.25     580.825      3.95963    -0.363535     0.0268726
Br6W
	-1762.91     735.095      0.690410    0.279770    -0.0152135
BrF3
	-601.861     351.270      12.3316    -2.54530      0.184015
BrF5
	-931.333     634.521      14.5454    -3.50077      0.265693
BrF5S
	-1750.48     789.853      21.3071    -5.14009      0.391441
BrH3Si
	-1287.67     410.954      31.7515    -6.58865      0.473544
C2Cl2
	-1463.17     367.998      12.9934    -2.85041      0.210974
C2Cl4
	-1925.76     623.780      19.1243    -4.37150      0.326805
C2Cl6
	-2289.73     901.047      14.8298    -3.93302      0.308907
C2F2
	-1567.16     382.275      16.0200    -3.55787      0.265071
C2F3N
	-2632.71     634.969      26.6834    -6.02580      0.450735
C2F4
	-2402.70     639.345      26.3393    -5.95323      0.443912
C2F6
	-3243.34     919.528      33.1138    -7.71848      0.582108
C2HCl
	-1554.63     344.577      20.1188    -4.23741      0.307034
C2HF
	-1600.81     348.323      21.0676    -4.44729      0.322656
C2K2N2
	-2561.66     563.830      9.98156    -2.57790      0.224290
C2N2
	-2065.83     373.290      16.6615    -3.63979      0.271869
C2N2Na2
	-2598.03     575.049      11.6726    -2.91331      0.236143
C3O2
	-2736.66     510.367      21.7801    -4.90166      0.366983
C4N2
	-3272.64     637.945      21.9932    -5.14686      0.392602
C4NiO4
	-4886.39     1027.26      26.1829    -6.39904      0.490747
C5FeO5
	-5960.69     1317.58      33.4458    -8.39405      0.657499
CBr4
	-1110.46     493.216      6.66112    -1.27471      0.0910669
CBrF3
	-1710.13     501.472      20.3308    -4.42880      0.326499
CCl2F2
	-1604.41     495.169      20.1719    -4.44775      0.328580
CCl2O
	-1424.49     356.909      18.3449    -3.80414      0.275812
CCl3
	-997.679     349.303      14.9517    -3.09149      0.223623
CCl3F
	-1443.87     493.357      17.6975    -3.90780      0.288710
CCl4
	-1293.56     500.366      15.3279    -3.38461      0.249792
CClF3
	-1778.37     503.723      22.6765    -4.99233      0.368728
CClFO
	-1588.89     356.863      20.5566    -4.28638      0.311389
CF2O
	-1758.79     368.240      22.8438    -4.77982      0.347593
CF3
	-1420.63     360.577      20.9573    -4.40871      0.321124
CF3I
	-1645.48     498.348      19.0296    -4.21959      0.314510
CF4
	-1961.32     520.742      25.3269    -5.56170      0.410390
CF4O
	-2040.17     616.496      29.2544    -6.42888      0.475713
CF8S
	-3333.23     1196.25      36.9965    -8.99493      0.686019
CH2Cl2
	-1484.84     433.776      35.9420    -7.45274      0.533441
CH2ClF
	-1609.10     433.006      37.9033    -7.87446      0.564304
CH2F2
	-1755.73     444.129      40.1129    -8.34889      0.598982
CH3Cl
	-1569.30     417.330      43.5569    -8.91632      0.633776
CH3F
	-1677.93     422.465      45.4439    -9.31994      0.663185
CHCl
	-718.924     198.578      16.3346    -3.45434      0.254279
CHCl2F
	-1534.32     456.829      28.4382    -6.02581      0.436265
CHCl3
	-1396.50     461.288      26.4421    -5.58955      0.404053
CHClF2
	-1690.33     462.228      29.9543    -6.36876      0.462081
CHF3
	-1863.61     476.775      33.1350    -7.03876      0.510575
CHFO
	-1635.02     335.237      28.7272    -5.87195      0.420733
CHNO
	-1753.52     337.585      26.4573    -5.35808      0.383799
CaH2O2
	-1717.39     407.793      23.1075    -4.91328      0.373965
Cl10W2
	-3780.45     1278.67      6.63041    -1.86802      0.174254
Cl2Cs2
	-1054.63     296.471      3.66255    -0.764038     0.0888548
Cl2FOP
	-1648.50     484.152      16.2877    -3.62851      0.274703
Cl2H2Si
	-1443.18     428.568      27.6750    -5.84666      0.423181
Cl2K2
	-1037.04     295.025      5.17902    -1.14996      0.104953
Cl2Li2
	-1156.79     312.553      9.73704    -2.09631      0.163357
Cl2MoO2
	-2028.85     489.035      12.7366    -2.97895      0.247877
Cl2Na2
	-1021.45     307.666      6.66804    -1.44535      0.113999
Cl2O2S
	-1367.64     499.448      19.1040    -4.20952      0.312276
Cl2O2W
	-2259.50     462.403      17.4010    -3.34198      0.251778
Cl2OTi
	-1507.88     344.569      10.7778    -2.06474      0.159122
Cl3Co
	-951.411     333.089      12.3756    -2.35922      0.164861
Cl3Cu3
	-1633.37     563.189      0.784978   -0.455510     0.0672312
Cl3Fe
	-1030.47     326.910      10.6318    -2.07425      0.153995
Cl3FSi
	-1730.19     478.117      12.6401    -2.79545      0.206869
Cl3HSi
	-1523.11     454.100      20.5546    -4.38956      0.319357
Cl3Li3
	-1841.40     566.992      13.3599    -3.33884      0.270063
Cl3OP
	-1485.16     486.301      14.0410    -3.12765      0.237279
Cl3P
	-966.263     340.923      10.8138    -2.21338      0.164597
Cl3PS
	-1334.31     482.158      11.8157    -2.64202      0.202730
Cl3Si
	-1201.02     338.014      12.2542    -2.48084      0.178353
Cl3Ti
	-1373.42     352.573      9.44631    -1.91552      0.151164
Cl3Zr
	-1494.97     332.039      11.2221    -2.06550      0.151130
Cl4Co2
	-1687.39     563.693      10.3743    -2.07746      0.147934
Cl4Fe2
	-1745.60     554.276      7.83825    -2.00303      0.168168
Cl4Mg2
	-1731.49     534.742      4.68292    -1.42793      0.119861
Cl4Mo
	-1527.38     467.166      7.20808    -1.74140      0.150531
Cl4OW
	-2154.10     607.256      19.2758    -3.91071      0.295639
Cl4Pb
	-1223.70     480.129      86.0436    -13.6925      0.887279
Cl4Si
	-1593.99     489.637      12.7861    -2.80134      0.206297
Cl4Ti
	-1718.85     480.118      9.99879    -2.06680      0.161558
Cl4W
	-1669.61     447.213      13.5361    -2.47109      0.181927
Cl4Zr
	-1961.56     467.248      12.6584    -2.32354      0.167087
Cl5Mo
	-1710.02     603.926      8.26927    -2.25377      0.193929
Cl5Nb
	-2039.19     600.540      14.1642    -3.11827      0.236629
Cl5P
	-1278.85     616.860      11.3853    -2.75395      0.213334
Cl5Ta
	-2150.09     589.769      10.7058    -1.93158      0.137431
Cl5W
	-1866.80     585.081      13.5829    -2.75652      0.208081
Cl6Fe2
	-2210.96     812.693      4.52345    -1.50140      0.136491
Cl6Mo
	-1822.90     747.792      6.05492    -1.90393      0.174607
Cl6W
	-2068.97     736.870      11.9253    -2.52780      0.197703
ClF2OP
	-1810.78     495.269      20.7998    -4.60050      0.346004
ClF3
	-514.433     351.950      14.7107    -3.11468      0.226607
ClF3Si
	-2122.25     491.314      16.6373    -3.69617      0.274549
ClF5
	-750.151     636.876      17.6968    -4.23721      0.320591
ClF5S
	-1825.70     793.167      23.7844    -5.73346      0.435921
ClFLi2
	-1269.41     325.695      13.5384    -2.92306      0.224312
ClFO2S
	-1526.83     500.534      21.2402    -4.68782      0.348104
ClFO3
	-963.409     516.542      23.5879    -5.21599      0.386474
ClH3Si
	-1360.66     412.699      33.7519    -7.07841      0.510395
ClNO2
	-1075.86     359.285      19.9025    -4.18464      0.305915
CrO3
	-1433.48     383.560      15.0160    -3.09819      0.242810
Cs2F2
	-1200.35     313.841      3.85813    -0.873393     0.0996087
Cs2H2O2
	-1769.76     530.386      27.9194    -6.00333      0.468076
Cs2SO4
	-2542.79     747.782      16.4153    -4.23004      0.365111
D2N2
	-1177.28     318.847      28.4967    -5.85442      0.421241
D3N
	-1191.68     307.631      31.1721    -6.40393      0.458090
F10Mo2
	-4799.48     1407.88      14.8418    -5.19451      0.475056
F10S2
	-3395.69     1502.15      36.2675    -9.53855      0.746405
F15Mo3
	-7218.61     2205.13      14.8295    -6.67877      0.642745
F2H2
	-1162.85     295.981      29.6533    -5.87997      0.411896
F2H2Si
	-1829.05     439.854      30.6568    -6.51732      0.473486
F2K2
	-1197.47     313.997      5.66110    -1.32161      0.120312
F2Li2
	-1416.22     328.769      12.6261    -2.76897      0.214744
F2N2
	-1031.08     355.557      19.8532    -4.22256      0.310852
F2Na2
	-1216.52     330.749      9.52585    -2.12675      0.166729
F2O2S
	-1686.51     512.739      23.5222    -5.19165      0.385547
F2OS
	-1224.47     358.814      17.8853    -3.77834      0.277073
F2OSi
	-1819.54     365.722      19.2176    -4.02205      0.293713
F2OTi
	-1802.02     366.119      14.1354    -2.84456      0.218662
F3Fe
	-1471.01     345.821      14.7795    -3.04302      0.228121
F3H3
	-1764.45     516.766      34.5036    -7.35092      0.528920
F3HSi
	-2100.84     470.075      25.2137    -5.44217      0.398543
F3Li3
	-2227.84     565.682      11.7347    -3.08337      0.255106
F3Mo
	-1500.87     356.117      11.3208    -2.73999      0.227266
F3N
	-838.496     360.279      18.3191    -3.90700      0.286808
F3NO
	-1117.24     501.224      21.6105    -4.82531      0.359424
F3OP
	-2052.32     505.152      20.5605    -4.57406      0.345056
F3P
	-1508.97     358.861      15.4208    -3.26823      0.244495
F3PS
	-1835.34     500.175      17.8008    -3.98531      0.303461
F3S
	-1014.16     350.242      14.9379    -3.16464      0.232107
F3Si
	-1769.16     353.488      16.2474    -3.40038      0.248174
F3Ti
	-1896.26     358.281      11.1672    -2.36268      0.187023
F3Zr
	-1949.19     345.077      13.5266    -2.64726      0.197265
F4H4
	-2364.81     726.667      40.7438    -8.98845      0.653219
F4Mg2
	-2324.80     586.364      10.8632    -2.88657      0.232148
F4Mo
	-1920.26     481.447      11.9893    -2.83245      0.230395
F4MoO
	-2474.93     637.826      15.7107    -3.90555      0.322896
F4N2
	-1264.16     628.583      23.9241    -5.57892      0.421968
F4OW
	-2748.08     622.458      21.8050    -4.57342      0.349031
F4Pb
	-1642.62     471.597      7.90629    -1.64083      0.130582
F4S
	-1352.42     494.003      17.3376    -3.91037      0.292326
F4Si
	-2376.84     510.190      19.2967    -4.27402      0.317124
F4Ti
	-2338.17     493.241      12.9468    -2.80665      0.220060
F4Zr
	-2595.89     487.927      15.8450    -3.12344      0.230368
F5H5
	-2966.33     938.039      47.0202    -10.6351      0.778253
F5I
	-1338.26     630.464      13.3576    -3.31067      0.254899
F5Mo
	-2292.00     620.278      11.2904    -3.05803      0.262018
F5P
	-2300.90     645.061      21.7059    -5.06751      0.386715
F5S
	-1575.09     644.615      21.0309    -4.96264      0.372433
F6H6
	-3579.91     1150.72      53.2539    -12.2704      0.902332
F6Mo
	-2686.66     774.426      14.0640    -3.78409      0.318791
F6S
	-1964.75     814.384      26.6665    -6.36569      0.482733
F6W
	-3042.03     771.806      20.6857    -4.57691      0.354647
F7H7
	-4170.41     1364.23      59.5953    -13.9349      1.02891
F7I
	-1614.83     931.017      17.1645    -4.60356      0.361058
FH3Si
	-1553.27     418.623      35.1282    -7.38661      0.533423
FHO3S
	-2067.33     612.481      31.1488    -6.85873      0.505953
FNO2
	-1154.54     364.450      21.1211    -4.46177      0.326823
FNO3
	-1283.28     491.523      22.6285    -5.02945      0.375042
FSSF
	-1045.50     352.136      13.7428    -2.89113      0.213514
Fe2I4
	-1249.21     542.426     -2.01773     0.0547648    0.0269442
FeH2O2
	-1674.52     437.605      22.1275    -4.82687      0.363591
H2I2Si
	-1132.23     421.495      21.6882    -4.58127      0.335275
H2K2O2
	-1761.20     530.948      29.7073    -6.44760      0.488453
H2Li2O2
	-1956.74     543.140      34.5027    -7.43686      0.549639
H2MgO2
	-1648.00     419.244      25.0575    -5.25360      0.380985
H2MoO4
	-2935.72     687.316      24.0234    -5.66367      0.448883
H2N2
	-1163.86     305.533      32.6114    -6.56682      0.466809
H2Na2O2
	-1750.02     537.025      31.0908    -6.72044      0.495881
H2O2Sr
	-1689.01     398.991      21.5733    -4.57734      0.353276
H2O4W
	-3181.85     679.269      29.9225    -6.37363      0.481267
H2SO4
	-2435.53     724.239      39.0978    -8.60391      0.632423
H3ISi
	-1206.61     408.862      30.5831    -6.41024      0.463923
H4N2
	-1713.97     507.319      48.9399    -10.1709      0.727566
H4Si
	-1281.08     407.801      38.4924    -8.02104      0.576285
HI3Si
	-1058.81     442.794      11.5313    -2.47972      0.186550
HNO2
	-1261.00     329.651      25.7354    -5.26963      0.378861
HNO3
	-1565.92     470.991      31.6112    -6.72891      0.490538
HONO
	-1263.09     329.721      25.4631    -5.20476      0.373914
HgI2
	-290.444     199.255      0.799560   -0.113970     0.0101210
K2I2
	-813.022     285.211      0.921851   -0.239529     0.0423648
K2SO4
	-2538.68     755.581      18.3627    -4.71158      0.388345
Li2I2
	-891.789     304.041      4.57643    -0.993919     0.0867872
Li2O2
	-1056.40     319.607      7.70672    -1.74476      0.142316
Li2SO4
	-2625.93     753.737      21.8850    -5.42247      0.428931
MoI3
	-795.666     319.865      0.743457   -0.386219     0.0574184
MoI4
	-960.380     451.627     -2.10862     0.289721     0.00576929
MoO3
	-1748.83     373.462      14.2513    -3.13030      0.256475
N2F2
	-1018.85     353.156      18.7307    -3.97210      0.292090
N2O3
	-1604.49     469.583      25.0143    -5.28297      0.388574
N2O4
	-1925.94     633.763      26.9240    -6.14030      0.462234
O10P4
	-6642.92     1833.33      42.3555    -11.3097      0.912425
O12W4
	-9183.62     1994.79      24.4623    -5.98711      0.531051
O6P4
	-4961.87     1254.64      25.0643    -6.77900      0.560574
O6W2
	-4353.78     882.664      16.1476    -3.37290      0.282558
O8W3
	-6246.35     1295.09      22.8887    -4.96659      0.420143
O9W3
	-6807.28     1443.20      24.0625    -5.47544      0.464619
P4
	-1203.38     367.190      7.62699    -1.59546      0.141934
PbI4
	-846.311     433.530     -4.57712     1.15568     -0.0710874
S8
	-2109.23     904.384      10.4136    -3.00981      0.252200
SO3
	-1415.47     384.818      21.1705    -4.45736      0.327002
SiI3
	-732.716     327.744      4.25915    -0.777478     0.0600630
SiI4
	-985.246     471.324      1.11676    -0.313042     0.0326518
SSF2
	-1110.16     352.797      15.1400    -3.18878      0.235228
TiI3
	-942.004     337.780      0.513837   -0.00863065   0.0178461
TiI4
	-1176.34     468.820     -0.795877    0.237453     0.00123912
WO3
	-1887.08     359.688      19.3741    -3.59683      0.268193
ZrI3
	-1149.68     321.892      6.17237    -0.732974     0.0524099
ZrI4
	-1397.09     454.979      2.80276    -0.218417     0.0212513
H3O+
	-319.775     287.100      17.6321    -4.18309      0.304565
Al2O2+
	-587.003     338.185     -8.00979     0.467220    -0.00113697
AlF2O-
	-2045.87     372.826      28.0332    -4.76968      0.319539
AlF4-
	-2636.77     519.059      27.9206    -4.97639      0.339456
CF3+
	-529.703     355.044      3.64214    -1.88512      0.164817
F3S+
	-119.075     354.155     -1.53861    -0.790853     0.0852689
F3S-
	-1290.42     379.213      28.5179    -4.83312      0.323545
F4S+
	-174.814     468.650     -3.13315    -0.711411     0.0864462
F4S-
	-1479.56     503.231      26.7210    -4.70333      0.319224
F5S+
	-497.380     641.868     -0.831795   -1.44161      0.141490
F5S-
	-1939.81     659.943      28.3183    -5.26832      0.366972
F6S-
	-2092.97     834.547      33.8859    -6.62057      0.468218
TiH
        -208.28      99.248       -1.3274    0.295688      -0.00624
CaH
        -153.438     52.0965      10.1453    -1.07588      0.046474
FeH
        -162.231     103.466     -1.94155    0.284287     -0.0000015
CrH
        -271.224     68.8384      8.26610     -0.54831     0.006203
