H-      2  1  1 99  1  0  0  0  0
HH      1  1  2  0  0  0  0  0  0
HOH     2  1  2  8  1  0  0  0  0
OH      2  8  1  1  1  0  0  0  0
CH      2  6  1  1  1  0  0  0  0
CO      2  6  1  8  1  0  0  0  0
CN      2  6  1  7  1  0  0  0  0
CC      1  6  2  0  0  0  0  0  0
NN      1  7  2  0  0  0  0  0  0
OO      1  8  2  0  0  0  0  0  0
NO      2  7  1  8  1  0  0  0  0
NH      2  7  1  1  1  0  0  0  0
C2H2    2  6  2  1  2  0  0  0  0
HCN     3  1  1  6  1  7  1  0  0
CCH     2  6  2  1  1  0  0  0  0
HS      2  1  1 16  1  0  0  0  0
SIH     2 14  1  1  1  0  0  0  0
CCC     1  6  3  0  0  0  0  0  0
CS      2  6  1 16  1  0  0  0  0
SIC     2 14  1  6  1  0  0  0  0
SICC    2 14  1  6  2  0  0  0  0
NS      2  7  1 16  1  0  0  0  0
SIN     2 14  1  7  1  0  0  0  0
SIO     2 14  1  8  1  0  0  0  0
SO      2 16  1  8  1  0  0  0  0
SS      1 16  2  0  0  0  0  0  0
SIS     2 14  1 16  1  0  0  0  0
TIO     2 22  1  8  1  0  0  0  0
VO      2 23  1  8  1  0  0  0  0
ZRO     2 40  1  8  1  0  0  0  0
MGH     2 12  1  1  1  0  0  0  0
HF      2  1  1  9  1  0  0  0  0
HCL     2  1  1 17  1  0  0  0  0
CH4     2  6  1  1  4  0  0  0  0
CH2     2  6  1  1  2  0  0  0  0
CH3     2  6  1  1  3  0  0  0  0
NHH     2  7  1  1  2  0  0  0  0
NH3     2  7  1  1  3  0  0  0  0
C2N2    2  6  2  7  2  0  0  0  0
CCN     2  6  2  7  1  0  0  0  0
COO     2  6  1  8  2  0  0  0  0
F-      2  9  1 99  1  0  0  0  0
ALF     2 13  1  9  1  0  0  0  0
CAF     2 20  1  9  1  0  0  0  0
CAF2    2 20  1  9  2  0  0  0  0
MGOH    3 12  1  8  1  1  1  0  0
AL2O    2 13  2  8  1  0  0  0  0
ALOH    3 13  1  8  1  1  1  0  0
ALOF    3 13  1  8  1  9  1  0  0
ALOCL   3 13  1  8  1 17  1  0  0
NAOH    3 11  1  8  1  1  1  0  0
SI2C    2 14  2  6  1  0  0  0  0
SIOO    2 14  1  8  2  0  0  0  0
HHS     2  1  2 16  1  0  0  0  0
CSS     2  6  1 16  2  0  0  0  0
ALCL    2 13  1 17  1  0  0  0  0
NACL    2 11  1 17  1  0  0  0  0
KCL     2 19  1 17  1  0  0  0  0
KOH     3 19  1  8  1  1  1  0  0
CACL    2 20  1 17  1  0  0  0  0
CACL2   2 20  1 17  2  0  0  0  0
CAOH    3 20  1  8  1  1  1  0  0
TIO2    2 22  1  8  2  0  0  0  0
VO2     2 23  1  8  2  0  0  0  0
LIH     2  3  1  1  1  0  0  0  0
LIO     2  3  1  8  1  0  0  0  0
LIF     2  3  1  9  1  0  0  0  0
LICL    2  3  1 17  1  0  0  0  0
LIOH    3  3  1  8  1  1  1  0  0
BEH2    2  4  1  1  2  0  0  0  0
BEO     2  4  1  8  1  0  0  0  0
BEF     2  4  1  9  1  0  0  0  0
BECL    2  4  1 17  1  0  0  0  0
BECL2   2  4  1 17  2  0  0  0  0
BEOH    3  4  1  8  1  1  1  0  0
BH      2  5  1  1  1  0  0  0  0
BH2     2  5  1  1  2  0  0  0  0
BO      2  5  1  8  1  0  0  0  0
B2O     2  5  2  8  1  0  0  0  0
BS      2  5  1 16  1  0  0  0  0
BF      2  5  1  9  1  0  0  0  0
BCL     2  5  1 17  1  0  0  0  0
HBO     3  5  1  1  1  8  1  0  0
HBO2    3  5  1  8  2  1  1  0  0
C-      2  6  1 99  1  0  0  0  0
C2-     2  6  2 99  1  0  0  0  0
C2H4    2  6  2  1  4  0  0  0  0
NO2-    3  7  1  8  2 99  1  0  0
N2H2    2  7  2  1  2  0  0  0  0
N2H4    2  7  2  1  4  0  0  0  0
CNN     2  6  1  7  2  0  0  0  0
NCN     2  7  2  6  1  0  0  0  0
C4N2    2  6  4  7  2  0  0  0  0
NO2     2  7  1  8  2  0  0  0  0
NO3     2  7  1  8  3  0  0  0  0
N2O     2  7  2  8  1  0  0  0  0
N2O4    2  7  2  8  4  0  0  0  0
HNO     3  1  1  7  1  8  1  0  0
HNO2    3  1  1  7  1  8  2  0  0
HNO3    3  1  1  7  1  8  3  0  0
HCNO    4  1  1  6  1  7  1  8  1
O-      2  8  1 99  1  0  0  0  0
O2-     2  8  2 99  1  0  0  0  0
OH-     3  8  1  1  1 99  1  0  0
CO2-    3  6  1  8  2 99  1  0  0
CCO     2  6  2  8  1  0  0  0  0
HCO     3  1  1  6  1  8  1  0  0
HCHO    3  1  2  6  1  8  1  0  0
F2      1  9  2  0  0  0  0  0  0
FO      2  9  1  8  1  0  0  0  0
NAH     2 11  1  1  1  0  0  0  0
NAO     2 11  1  8  1  0  0  0  0
NAF     2 11  1  9  1  0  0  0  0
MGO     2 12  1  8  1  0  0  0  0
MGS     2 12  1 16  1  0  0  0  0
MGF     2 12  1  9  1  0  0  0  0
MGF2    2 12  1  9  2  0  0  0  0
MGCL    2 12  1 17  1  0  0  0  0
MGCL2   2 12  1 17  2  0  0  0  0
ALH     2 13  1  1  1  0  0  0  0
ALO     2 13  1  8  1  0  0  0  0
ALO2    2 13  1  8  2  0  0  0  0
ALS     2 13  1 16  1  0  0  0  0
ALF2    2 13  1  9  2  0  0  0  0
ALCL2   2 13  1 17  2  0  0  0  0
SI-     2 14  1 99  1  0  0  0  0
SIH4    2 14  1  1  4  0  0  0  0
SIF     2 14  1  9  1  0  0  0  0
SIF2    2 14  1  9  2  0  0  0  0
SICL    2 14  1 17  1  0  0  0  0
SICL2   2 14  1 17  2  0  0  0  0
PH      2 15  1  1  1  0  0  0  0
PHH     2 15  1  1  2  0  0  0  0
PH3     2 15  1  1  3  0  0  0  0
CP      2  6  1 15  1  0  0  0  0
NP      2  7  1 15  1  0  0  0  0
PO      2 15  1  8  1  0  0  0  0
PO2     2 15  1  8  2  0  0  0  0 
PS      2 15  1 16  1  0  0  0  0 
PF      2 15  1  9  1  0  0  0  0
PF2     2 15  1  9  2  0  0  0  0
PCL     2 15  1 17  1  0  0  0  0
COS     3  6  1  8  1 16  1  0  0
SOO     2 16  1  8  2  0  0  0  0
SSO     2 16  2  8  1  0  0  0  0
SO3     2 16  1  8  3  0  0  0  0
CL-     2 17  1 99  1  0  0  0  0
CL2     1 17  2  0  0  0  0  0  0
CCL     2  6  1 17  1  0  0  0  0
CCL2    2  6  1 17  2  0  0  0  0
CCL3    2  6  1 17  3  0  0  0  0
CCL4    2  6  1 17  4  0  0  0  0
CLO     2 17  1  8  1  0  0  0  0
CLO2    2 17  1  8  2  0  0  0  0
CL2O    2 17  2  8  1  0  0  0  0
SCL     2 16  1 17  1  0  0  0  0
SCL2    2 16  1 17  2  0  0  0  0
HCLO    3  1  1 17  1  8  1  0  0
CCLO    3  6  1 17  1  8  1  0  0
KH      2 19  1  1  1  0  0  0  0
KO      2 19  1  8  1  0  0  0  0
KF      2 19  1  9  1  0  0  0  0
CAO     2 20  1  8  1  0  0  0  0
CAS     2 20  1 16  1  0  0  0  0
TIF     2 22  1  9  1  0  0  0  0
TIF2    2 22  1  9  2  0  0  0  0
TICL    2 22  1 17  1  0  0  0  0
TICL2   2 22  1 17  2  0  0  0  0
VN      2 23  1  7  1  0  0  0  0
CRN     2 24  1  7  1  0  0  0  0
CRO     2 24  1  8  1  0  0  0  0
CRO2    2 24  1  8  2  0  0  0  0
FEO     2 26  1  8  1  0  0  0  0
FES     2 26  1 16  1  0  0  0  0 
FEF     2 26  1  9  1  0  0  0  0
FEF2    2 26  1  9  2  0  0  0  0
FECL    2 26  1 17  1  0  0  0  0
FECL2   2 26  1 17  2  0  0  0  0
NICL    2 28  1 17  1  0  0  0  0
CUO     2 29  1  8  1  0  0  0  0
CUF     2 29  1  9  1  0  0  0  0
CUCL    2 29  1 17  1  0  0  0  0
SRO     2 38  1  8  1  0  0  0  0
SRS     2 38  1 16  1  0  0  0  0
SRF     2 38  1  9  1  0  0  0  0
SRF2    2 38  1  9  2  0  0  0  0
SRCL    2 38  1 17  1  0  0  0  0
SRCL2   2 38  1 17  2  0  0  0  0
SROH    3 38  1  8  1  1  1  0  0
ZRH     2 40  1  1  1  0  0  0  0
ZRN     2 40  1  7  1  0  0  0  0
ZRO2    2 40  1  8  2  0  0  0  0
ZRF     2 40  1  9  1  0  0  0  0
ZRF2    2 40  1  9  2  0  0  0  0
ZRCL    2 40  1 17  1  0  0  0  0
ZRCL2   2 40  1 17  2  0  0  0  0
HI      2  1  1 53  1  0  0  0  0
BAO     2 56  1  8  1  0  0  0  0
BAS     2 56  1 16  1  0  0  0  0
BAF     2 56  1  9  1  0  0  0  0
BAF2    2 56  1  9  2  0  0  0  0
BACL    2 56  1 17  1  0  0  0  0
BACL2   2 56  1 17  2  0  0  0  0
BAOH    3 56  1  8  1  1  1  0  0
NBO     2 41  1  8  1  0  0  0  0
C4      1  6  4  0  0  0  0  0  0
C5      1  6  5  0  0  0  0  0  0
TiH     2 22  1  1  1  0  0  0  0
CaH     2 20  1  1  1  0  0  0  0
FeH     2 26  1  1  1  0  0  0  0
CrH     2 24  1  1  1  0  0  0  0
