CH          2  3  4  1  1
 -2.69621E+01  8.56324E+00 -3.81708E-02  1.42148E-03 -2.06955E-05
CO          2  4  6  1  1
 -3.12249E+01  2.64659E+01 -1.03320E-01  6.78494E-03 -1.67181E-04
CH2         2  3  4  2  1
 -5.70655E+01  1.91488E+01 -6.74256E-02  2.61274E-03 -4.35967E-05
H2O         2  3  6  2  1
 -5.78749E+01  2.35659E+01 -1.55174E-01  8.45136E-03 -1.82898E-04
C2H         2  3  4  1  2
 -5.80417E+01  2.85911E+01 -4.60278E-02  1.53480E-03 -2.06730E-05
C2          1  4  2
 -2.90229E+01  1.44950E+01 -4.47247E-02  2.51592E-03 -5.34225E-05
C3          1  4  3
 -6.14314E+01  3.30145E+01 -1.26354E-01  5.70552E-03 -9.48087E-05
C4          1  4  4
 -9.29549E+01  4.53949E+01  5.56192E-03 -1.65781E-03  4.95574E-05
C5          1  4  5
 -1.24370E+02  6.20999E+01  4.59804E-02 -4.79074E-03  1.28802E-04
C2H2        2  3  4  2  2
 -8.74875E+01  3.98235E+01 -7.62519E-03 -2.19494E-03  8.36017E-05
CHO         3  3  4  6  1  1  1
 -5.77079E+01  2.96236E+01 -1.18170E-01  6.60349E-03 -1.50996E-04
H2CO        3  3  4  6  2  1  1
 -8.81249E+01  3.74848E+01 -9.95792E-02  3.92536E-03 -6.85748E-05
CH3         2  3  4  3  1
 -8.57649E+01  3.07004E+01 -1.34750E-01  6.25788E-03 -1.22314E-04
CH4         2  3  4  4  1
 -1.17097E+02  4.15062E+01 -1.23514E-01  3.91271E-03 -5.07497E-05
CO2         2  4  6  1  2
 -6.27738E+01  3.88421E+01 -2.81374E-02  6.60142E-04 -5.49611E-06
C2H4        2  3  4  4  2
 -1.46231E+02  5.53337E+01 -8.49837E-02  1.00088E-03  2.20187E-05
C2H4O       3  3  4  6  4  2  1
 -1.77266E+02  6.36506E+01 -3.78657E-02 -2.76884E-03  1.17237E-04
C2O         2  4  6  2  1
 -5.89915E+01  3.34363E+01  8.53143E-03 -1.67350E-03  5.09408E-05
C3O2        2  4  6  3  2
 -1.20935E+02  6.54797E+01  4.49821E-02 -4.85815E-03  1.33410E-04
OH          2  3  6  1  1
 -2.79049E+01  1.10139E+01 -9.62781E-02  5.65060E-03 -1.27653E-04
HO2         2  3  6  1  2
 -5.76079E+01  1.76926E+01 -1.14840E-01  6.32410E-03 -1.40491E-04
HCN         3  3  4  5  1  1  1
 -5.84091E+01  3.10495E+01 -5.85262E-02  2.41643E-03 -4.32265E-05
CN          2  4  5  1  1
 -2.92521E+01  1.84841E+01 -5.14814E-02  2.56820E-03 -5.22566E-05
C2N         2  4  5  2  1
 -5.78989E+01  3.23700E+01 -1.65325E-02  6.93770E-04 -1.52922E-05
C2N2        2  4  5  2  2
 -8.99336E+01  4.96128E+01  2.76604E-03 -1.51947E-03  4.88717E-05
NH          2  3  5  1  1
 -2.70961E+01  9.12873E+00 -8.47081E-02  4.84721E-03 -1.07844E-04
HNO         3  3  5  6  1  1  1
 -5.73863E+01  2.10936E+01 -1.05601E-01  5.66616E-03 -1.24175E-04
NH2         2  3  5  2  1
 -5.59662E+01  1.90492E+01 -1.46638E-01  8.02217E-03 -1.74767E-04
NO          2  5  6  1  1
 -2.87136E+01  1.56668E+01 -6.73123E-02  3.90390E-03 -8.90957E-05
NO2         2  5  6  1  2
 -5.97535E+01  2.31867E+01 -7.97806E-02  4.35251E-03 -9.83777E-05
N2O         2  5  6  2  1
 -6.02939E+01  2.70275E+01 -3.14034E-02  1.04561E-03 -1.65800E-05
H+          2  2  3 -1  1
  2.18478E+01 -3.34697E+01  2.85272E-01 -1.88170E-02  4.55293E-04
H-          2  2  3  1  1
 -2.45159E+01  5.41607E+00 -8.64835E-01  1.04747E-01 -4.77258E-03
C-          2  2  4  1  1
 -2.33769E+01  5.05827E+00 -2.88324E-01  1.90568E-02 -4.61682E-04
CHNO        4  3  4  5  6  1  1  1  1
 -8.87055E+01  4.32948E+01 -8.48295E-02  3.79865E-03 -7.44644E-05
CHO+        4  2  3  4  6 -1  1  1  1
 -3.70303E+01  6.63826E+00  2.08995E-01 -1.51769E-02  3.81902E-04
CN+         3  2  4  5 -1  1  1
 -5.01305E+00 -1.61187E+01  2.43434E-01 -1.66131E-02  4.07369E-04
CN-         3  2  4  5  1  1  1
 -5.28559E+01  2.94189E+01 -3.63010E-01  2.33889E-02 -5.59936E-04
CNN         2  4  5  1  2
 -5.84054E+01  2.62030E+01 -4.43744E-02  1.98600E-03 -3.88468E-05
NCN         2  4  5  1  2
 -5.80298E+01  2.96329E+01 -1.67988E-02  5.68203E-04 -1.05403E-05
C2-         2  2  4  1  2
 -5.29812E+01  2.60572E+01 -3.36837E-01  2.15255E-02 -5.13009E-04
C4N2        2  4  5  4  2
 -1.49717E+02  7.80084E+01  8.53628E-02 -7.77629E-03  2.06956E-04
HNO2(cis)   3  3  5  6  1  1  2
 -8.74063E+01  3.11163E+01 -7.02603E-02  2.93365E-03 -5.55102E-05
HNO2(tr)    3  3  5  6  1  1  2
 -8.73808E+01  3.11700E+01 -7.21800E-02  3.09010E-03 -5.93842E-05
HNO3        3  3  5  6  1  1  3
 -1.19035E+02  3.82942E+01 -2.68595E-02 -4.94993E-04  3.10575E-05
HO+         3  2  3  6 -1  1  1
 -5.24344E+00 -2.16061E+01  2.09492E-01 -1.45876E-02  3.62192E-04
HO-         3  2  3  6  1  1  1
 -5.18448E+01  1.74105E+01 -3.82509E-01  2.45179E-02 -5.84096E-04
H2N2        2  3  5  2  2
 -8.64368E+01  2.91923E+01 -1.06200E-01  4.51031E-03 -8.37302E-05
NH3         2  3  5  3  1
 -8.60096E+01  2.96238E+01 -1.45524E-01  6.63859E-03 -1.27086E-04
H3O+        3  2  3  6 -1  3  1
 -6.50366E+01  7.54421E+00  1.04072E-01 -9.70437E-03  2.67072E-04
H4N2        2  3  5  4  2
 -1.41675E+02  4.26133E+01 -8.50118E-02  1.52481E-03  5.03098E-06
NO+         3  2  5  6 -1  1  1
 -7.96500E+00 -7.73245E+00  2.07493E-01 -1.43127E-02  3.53213E-04
NO2-        3  2  5  6  1  1  2
 -8.23804E+01  3.44832E+01 -3.58545E-01  2.28941E-02 -5.48950E-04
NO3         2  5  6  1  3
 -9.11025E+01  2.79075E+01 -2.17472E-02  3.59641E-04 -3.26641E-06
N2O3        2  5  6  2  3
 -1.17441E+02  3.91071E+01 -3.88276E-02  1.02625E-03 -1.33183E-05
N2O4        2  5  6  2  4
 -1.50454E+02  4.62544E+01  6.38407E-02 -6.29386E-03  1.66959E-04
N2O5        2  5  6  2  5
 -1.78535E+02  5.22542E+01  3.31267E-02 -3.59993E-03  9.25739E-05
O-          2  2  6  1  1
 -2.29505E+01  5.53415E+00 -2.85723E-01  1.88452E-02 -4.56046E-04
O2-         2  2  6  1  2
 -5.20064E+01  1.55197E+01 -3.39363E-01  2.20199E-02 -5.30088E-04
O3          1  6  3
 -6.00650E+01  1.50328E+01 -5.51084E-02  2.91542E-03 -6.60430E-05
CO2-        3  2  4  6  1  1  2
 -8.28882E+01  4.23268E+01 -3.68164E-01  2.33706E-02 -5.58607E-04
SI2         1  7  2
 -2.71218E+01  7.49652E+00 -8.33304E-03  8.52044E-04 -2.87818E-05
SI3         1  7  3
 -5.70581E+01  1.73378E+01 -3.43757E-02  2.43620E-03 -6.37450E-05
SIC         2  4  7  1  1
 -2.77061E+01  1.08644E+01 -4.50473E-02  3.42294E-03 -8.74553E-05
SI2C        2  4  7  1  2
 -5.97639E+01  2.61200E+01 -2.72754E-02  1.34528E-03 -3.01434E-05
SIC2        2  4  7  2  1
 -5.93670E+01  3.05371E+01 -2.43632E-02  1.01130E-03 -2.03171E-05
SIH         2  3  7  1  1
 -2.64908E+01  7.59653E+00 -7.32466E-02  4.35942E-03 -1.01006E-04
SIH4        2  3  7  4  1
 -1.13290E+02  3.18334E+01 -5.11756E-02  3.59112E-04  1.81701E-05
SIN         2  5  7  1  1
 -2.80662E+01  1.34460E+01 -2.00856E-02  5.95242E-04 -6.43974E-06
SI2N        2  5  7  1  2
 -5.70745E+01  2.36100E+01 -3.63584E-02  2.41904E-03 -6.23802E-05
SIO         2  6  7  1  1
 -3.02806E+01  1.97115E+01 -8.09559E-02  5.16772E-03 -1.24553E-04
SIO2        2  6  7  2  1
 -6.12868E+01  3.03530E+01 -4.23009E-02  2.48167E-03 -6.10553E-05
AL+         2  2  9 -1  1
  2.06243E+01 -1.57621E+01  2.47176E-01 -1.54892E-02  3.61456E-04
ALH         2  3  9  1  1
 -2.70620E+01  7.42090E+00 -8.50883E-02  5.81647E-03 -1.47635E-04
HALO        3  3  6  9  1  1  1
 -5.77547E+01  1.87227E+01 -5.90579E-02  3.69624E-03 -9.57094E-05
ALOH        3  3  6  9  1  1  1
 -5.88497E+01  2.40418E+01 -6.55488E-02  2.85576E-03 -5.52497E-05
ALOH+       4  2  3  6  9 -1  1  1  1
 -3.44498E+01  4.68868E+00  2.24395E-01 -1.60895E-02  4.01222E-04
ALOH-       4  2  3  6  9  1  1  1  1
 -7.87298E+01  2.74796E+01 -3.98488E-01  2.52232E-02 -5.99650E-04
ALO2H       3  3  6  9  1  2  1
 -8.73818E+01  3.66285E+01 -5.89725E-02  2.51250E-03 -4.87912E-05
ALN         2  5  9  1  1
 -2.82937E+01  9.10694E+00 -5.02712E-02  3.06320E-03 -7.23552E-05
ALO         2  6  9  1  1
 -2.77623E+01  1.17170E+01  3.87340E-02 -3.82299E-03  1.07814E-04
ALO+        3  2  6  9 -1  1  1
 -3.78417E+00 -1.25896E+01  3.41702E-01 -2.14186E-02  4.93540E-04
ALO2        2  6  9  2  1
 -5.79513E+01  2.42557E+01 -7.71725E-03  1.18168E-04 -1.16824E-06
ALO2-       3  2  6  9  1  2  1
 -8.23802E+01  3.63938E+01 -2.95490E-01  1.89959E-02 -4.57113E-04
AL2O        2  6  9  1  2
 -5.80864E+01  2.55212E+01 -1.39247E-01  1.04603E-02 -2.77855E-04
AL2O+       3  2  6  9 -1  1  2
 -3.49245E+01  5.50015E+00  2.21353E-01 -1.49512E-02  3.63200E-04
AL2O2       2  6  9  2  2
 -9.08852E+01  3.78524E+01 -9.19802E-02  6.79623E-03 -1.86365E-04
AL202+      3  2  6  9 -1  2  2
 -6.74019E+01  1.27259E+01  2.71372E-01 -1.86614E-02  4.54695E-04
CAL         2  4  9  1  1
 -2.74379E+01  8.95057E+00 -8.78439E-02  6.44214E-03 -1.68174E-04
MGH         2  3  8  1  1
 -2.41857E+01  5.11620E+00 -4.29508E-02  2.30568E-03 -5.05923E-05
MGOH        3  3  6  8  1  1  1
 -5.56695E+01  2.05648E+01 -5.95970E-02  2.77615E-03 -5.65138E-05
MGOH+       4  2  3  6  8 -1  1  1  1
 -3.32942E+01 -9.78729E-01  2.30488E-01 -1.62400E-02  4.02624E-04
MG(OH)2     3  3  6  8  2  2  1
 -1.11522E+02  4.02364E+01 -4.43722E-02  7.91759E-04  2.08701E-06
MG+         2  2  8 -1  1
  2.32315E+01 -1.96065E+01  2.84363E-01 -1.87388E-02  4.53171E-04
MGN         2  5  8  1  1
 -2.45385E+01  8.28955E+00 -4.67278E-02  2.91373E-03 -6.93675E-05
MGO         2  6  8  1  1
 -2.61280E+01  9.78082E+00 -4.80268E-02  2.90762E-03 -6.85129E-05
ALS         2  9 11  1  1
 -2.79670E+01  1.02540E+01 -9.25544E-02  6.71509E-03 -1.74715E-04
CKN         3  4  5 13  1  1  1
 -5.55404E+01  2.88877E+01 -2.78888E-02  1.38654E-03 -3.02964E-05
NACN        3  4  5 12  1  1  1
 -2.34975E+01  1.21178E+01 -7.82151E-02  5.20449E-03 -1.24975E-04
COS         3  4  6 11  1  1  1
 -6.08816E+01  3.33362E+01 -1.57416E-02  6.84627E-05  5.92278E-06
CS          2  4 11  1  1
 -3.00746E+01  1.88110E+01 -6.84107E-02  4.17226E-03 -9.90819E-05
CS2         2  4 11  1  2
 -6.07216E+01  2.79634E+01 -2.64765E-02  1.12482E-03 -2.42986E-05
C2K2N2      3  4  5 13  2  2  2
 -1.38455E+02  6.10038E+01  5.05777E-02 -4.20648E-03  1.08705E-04
C2N2NA2     3  4  5 12  2  2  2
 -7.51699E+01  2.81450E+01 -4.21880E-02  2.85629E-03 -6.70677E-05
FE(OH)2     3  3  6 10  2  2  1
 -1.12737E+02  4.05390E+01 -9.83658E-03 -6.12261E-04  2.23341E-05
FEO         2  6 10  1  1
 -2.83606E+01  1.05430E+01 -8.10224E-02  5.15287E-03 -1.25274E-04
FEH         2  3 10  1  1
  0.00000E+00  0.00000E+00  0.00000E+00  0.00000E+00  0.00000E+00 
HK          2  3 13  1  1
 -2.46474E+01  4.76296E+00 -4.16539E-02  2.48346E-03 -5.83822E-05
KOH         3  3  6 13  1  1  1
 -5.49316E+01  1.98695E+01 -1.22143E-01  7.18804E-03 -1.65138E-04
NAH         2  3 12  1  1
 -2.51026E+01  5.16785E+00 -3.60587E-02  1.94417E-03 -4.30454E-05
NAOH        3  3  6 12  1  1  1
 -5.50872E+01  1.97853E+01 -1.16438E-01  6.72617E-03 -1.52753E-04
HS          2  3 11  1  1
 -2.69772E+01  9.09435E+00 -7.88998E-02  4.53112E-03 -1.01687E-04
K2O2H2      3  3  6 13  2  2  2
 -1.39819E+02  4.32514E+01 -1.11316E-01  8.20075E-03 -2.35328E-04
NA2O2H2     3  3  6 12  2  2  2
 -1.40556E+02  4.35953E+01 -1.58661E-02 -1.43159E-03  5.84064E-05
H2SO4       3  3  6 11  2  4  1
 -1.79473E+02  5.90917E+01  3.41623E-02 -5.42144E-03  1.57910E-04
H2S         2  3 11  2  1
 -5.59597E+01  1.86999E+01 -1.10779E-01  5.59102E-03 -1.16686E-04
K+          2  2 13 -1  1
  2.17965E+01 -1.21158E+01  2.77620E-01 -1.81885E-02  4.38087E-04
KO          2  6 13  1  1
 -2.49892E+01  6.68285E+00 -3.85619E-02  2.42799E-03 -5.80982E-05
KO-         3  2  6 13  1  1  1
 -4.89559E+01  1.36886E+01 -3.24390E-01  2.12790E-02 -5.14200E-04
K2          1 13  2
 -2.29668E+01  1.35858E+00 -1.35371E-02  7.24797E-04 -1.60772E-05
MGS         2  8 11  1  1
 -2.48144E+01  7.38718E+00 -7.04151E-02  4.62269E-03 -1.12921E-04
SN          2  5 11  1  1
 -2.78964E+01  1.21836E+01 -6.32944E-02  3.84744E-03 -9.09139E-05
NA+         2  2 12 -1  1
  2.18388E+01 -1.39827E+01  2.83581E-01 -1.86708E-02  4.51138E-04
NAO         2  6 12  1  1
 -2.53197E+01  6.82584E+00 -3.63329E-02  2.20170E-03 -5.15318E-05
NAO-        3  2  6 12  1  1  1
 -4.92573E+01  1.37216E+01 -3.20311E-01  2.09124E-02 -5.03927E-04
NA2         1 12  2
 -2.38161E+01  2.01609E+00 -1.45093E-02  6.95003E-04 -1.37267E-05
SO          2  6 11  1  1
 -2.89971E+01  1.29926E+01 -6.33653E-02  3.82418E-03 -9.05423E-05
S2O         2  6 11  1  2
 -5.85118E+01  2.13385E+01 -8.04080E-02  4.82905E-03 -1.15527E-04
SO2         2  6 11  2  1
 -6.01171E+01  2.63060E+01 -6.15231E-02  3.20345E-03 -7.16436E-05
SIS         2  7 11  1  1
 -2.94865E+01  1.54443E+01 -8.43838E-02  5.55280E-03 -1.35870E-04
S8          1 11  8
 -2.06011E+02  5.00178E+01  1.62647E-01 -1.14745E-02  2.75623E-04
H2          1  3  2
 -2.86652E+01  1.11378E+01 -7.15680E-02  3.13207E-03 -5.04379E-05
N2          1  5  2
 -3.02890E+01  2.32272E+01 -7.71689E-02  4.48262E-03 -1.01610E-04
O2          1  6  2
 -3.01440E+01  1.23894E+01 -4.96055E-02  2.63048E-03 -5.71706E-05
S2          1 11  2
 -2.83734E+01  1.05339E+01 -1.79502E-01  4.25450E-02 -1.53882E-03
FES         2 10 11  1  1
 -3.19023E+01  1.06375E+01 -9.56862E-01  1.35912E-01 -6.89854E-03
C+          2  2  4 -1  1
  2.32678E+01 -2.95076E+01  5.43002E-01 -3.32605E-02  6.85486E-04
N+          2  2  5 -1  1
  2.33261E+01 -3.54954E+01  2.26902E-01 -1.23704E-02  2.46770E-04
O+          2  2  6 -1  1
  2.16919E+01 -3.33262E+01  2.23016E-01 -1.20273E-02  2.36243E-04
CNO         3  4  5  6  1  1  1
 -5.91749E+01  3.09665E+01 -2.81824E-02  8.68850E-04 -1.18559E-05
TIO         2 14  6  1  1
 -2.90797E+01  1.67032E+01 -1.15476E-01  8.15972E-03 -2.06912E-04
TIO2        2 14  6  1  2
 -6.03172E+01  3.15340E+01 -1.50813E-01  1.03826E-02 -2.61140E-04
TIC         2 14  4  1  1
  0.00000E+00  0.00000E+00  0.00000E+00  0.00000E+00  0.00000E+00  
TIC2        2 14  4  1  2
 -6.21420E+01  3.11678E+01 -1.05650E+00  1.52363E-01 -7.79190E-03
TIS         2 14 11  1  1
 -3.06660E+01  1.43744E+01 -1.05544E+00  1.49472E-01 -7.55107E-03
TI+         2  2 14 -1  1
  2.31667E+01 -1.76182E+01  1.90299E-01 -8.97969E-03  1.50066E-04 
S+          2  2 11 -1  1
  2.16211E+01 -2.57166E+01  1.99802E-01 -9.84352E-03  1.69172E-04
SI+         2  2  7 -1  1
  2.19090E+01 -2.06391E+01  1.92716E-01 -9.28472E-03  1.57071E-04
FE+         2  2 10 -1  1
  2.30171E+01 -2.01522E+01  2.11926E-01 -1.02509E-02  1.73904E-04
C3H         2  3  4  1  3
 -9.39247E+01  5.01089E+01 -2.15008E+00  3.19207E-01 -1.71655E-02
CA+         2  2 15 -1  1
  2.40137E+01 -1.70937E+01  5.83319E-01 -5.81529E-02  2.18577E-03
CAOH        3 15  6  3  1  1  1
 -5.37809E+01  2.05928E+01 -5.09599E-02  2.13832E-03 -3.44866E-05
CA(OH)2     3 15  6  3  1  2  2
 -1.09847E+02  4.18585E+01 -5.58324E-02  2.04058E-03 -3.06874E-05
CAO         2 15  6  1  1
 -2.53102E+01  8.30131E+00  2.60652E-01 -2.80116E-02  9.97385E-04
CAS         2 15 11  1  1
 -2.44582E+01  7.19787E+00  1.74049E-01 -1.44944E-02  3.92624E-04
CA2         1 15  2
 -2.57492E+01  2.62271E+00 -3.68538E-01  2.55938E-02 -6.31240E-04
CAH         2  3 15  1  1
  0.00000E+00  0.00000E+00  0.00000E+00  0.00000E+00  0.00000E+00
TIH         2  3 14  1  1
  0.00000E+00  0.00000E+00  0.00000E+00  0.00000E+00  0.00000E+00
LIH         2  3 16  1  1
  0.00000E+00  0.00000E+00  0.00000E+00  0.00000E+00  0.00000E+00
LIO         2  6 16  1  1
  0.00000E+00  0.00000E+00  0.00000E+00  0.00000E+00  0.00000E+00
LIOH        3  6 16  3  1  1  1
  0.00000E+00  0.00000E+00  0.00000E+00  0.00000E+00  0.00000E+00
LICL        2 16 17  1  1
  0.00000E+00  0.00000E+00  0.00000E+00  0.00000E+00  0.00000E+00
NACL        2 12 17  1  1
  0.00000E+00  0.00000E+00  0.00000E+00  0.00000E+00  0.00000E+00
KCL         2 13 17  1  1
  0.00000E+00  0.00000E+00  0.00000E+00  0.00000E+00  0.00000E+00
CACL        2 15 17  1  1
  0.00000E+00  0.00000E+00  0.00000E+00  0.00000E+00  0.00000E+00
CACL2       2 15 17  1  2
  0.00000E+00  0.00000E+00  0.00000E+00  0.00000E+00  0.00000E+00
HCL         2  3 17  1  1
  0.00000E+00  0.00000E+00  0.00000E+00  0.00000E+00  0.00000E+00

