1500     wl [mu]                   n                   k
    6.6666666667        1.4787149514        0.1706468355E-01
    6.6711140761        1.4783252273        0.1709374766E-01
    6.6755674232        1.4779345045        0.1712290524E-01
    6.6800267201        1.4775427791        0.1715215672E-01
    6.6844919786        1.4771500475        0.1718150253E-01
    6.6889632107        1.4767563062        0.1721094310E-01
    6.6934404284        1.4763615513        0.1724047887E-01
    6.6979236437        1.4759657793        0.1727011028E-01
    6.7024128686        1.4755689863        0.1729983777E-01
    6.7069081154        1.4751711687        0.1732966179E-01
    6.7114093960        1.4747723226        0.1735958278E-01
    6.7159167226        1.4743724444        0.1738960119E-01
    6.7204301075        1.4739715302        0.1741971749E-01
    6.7249495629        1.4735695761        0.1744993212E-01
    6.7294751009        1.4731665785        0.1748024554E-01
    6.7340067340        1.4727625334        0.1751065821E-01
    6.7385444744        1.4723574369        0.1754117060E-01
    6.7430883345        1.4719512852        0.1757178317E-01
    6.7476383266        1.4715440744        0.1760249640E-01
    6.7521944632        1.4711358005        0.1763331075E-01
    6.7567567568        1.4707264597        0.1766422670E-01
    6.7613252197        1.4703160478        0.1769524474E-01
    6.7658998647        1.4699045610        0.1772636533E-01
    6.7704807041        1.4694919953        0.1775758897E-01
    6.7750677507        1.4690783466        0.1778891615E-01
    6.7796610169        1.4686636109        0.1782034735E-01
    6.7842605156        1.4682477841        0.1785188306E-01
    6.7888662593        1.4678308621        0.1788352378E-01
    6.7934782609        1.4674128409        0.1791527002E-01
    6.7980965330        1.4669937164        0.1794712227E-01
    6.8027210884        1.4665734842        0.1797908105E-01
    6.8073519401        1.4661521404        0.1801114685E-01
    6.8119891008        1.4657296808        0.1804332019E-01
    6.8166325835        1.4653061010        0.1807560158E-01
    6.8212824011        1.4648813969        0.1810799155E-01
    6.8259385666        1.4644555643        0.1814049062E-01
    6.8306010929        1.4640285989        0.1817309930E-01
    6.8352699932        1.4636004963        0.1820581813E-01
    6.8399452804        1.4631712523        0.1823864764E-01
    6.8446269678        1.4627408626        0.1827158837E-01
    6.8493150685        1.4623093227        0.1830464084E-01
    6.8540095956        1.4618766284        0.1833780561E-01
    6.8587105624        1.4614427752        0.1837108322E-01
    6.8634179822        1.4610077586        0.1840447421E-01
    6.8681318681        1.4605715743        0.1843797914E-01
    6.8728522337        1.4601342177        0.1847159857E-01
    6.8775790922        1.4596956845        0.1850533305E-01
    6.8823124570        1.4592559700        0.1853918314E-01
    6.8870523416        1.4588150697        0.1857314941E-01
    6.8917987595        1.4583729791        0.1860723243E-01
    6.8965517241        1.4579296936        0.1864143277E-01
    6.9013112491        1.4574852086        0.1867575101E-01
    6.9060773481        1.4570395195        0.1871018773E-01
    6.9108500346        1.4565926215        0.1874474352E-01
    6.9156293223        1.4561445101        0.1877941895E-01
    6.9204152249        1.4556951805        0.1881421463E-01
    6.9252077562        1.4552446281        0.1884913115E-01
    6.9300069300        1.4547928479        0.1888416911E-01
    6.9348127601        1.4543398354        0.1891932911E-01
    6.9396252602        1.4538855856        0.1895461176E-01
    6.9444444444        1.4534300938        0.1899001767E-01
    6.9492703266        1.4529733550        0.1902554745E-01
    6.9541029207        1.4525153646        0.1906120173E-01
    6.9589422408        1.4520561174        0.1909698112E-01
    6.9637883008        1.4515956087        0.1913288626E-01
    6.9686411150        1.4511338334        0.1916891777E-01
    6.9735006974        1.4506707866        0.1920507629E-01
    6.9783670621        1.4502064632        0.1924136247E-01
    6.9832402235        1.4497408583        0.1927777693E-01
    6.9881201957        1.4492739669        0.1931432034E-01
    6.9930069930        1.4488057837        0.1935099335E-01
    6.9979006298        1.4483363037        0.1938779660E-01
    7.0028011204        1.4478655218        0.1942473076E-01
    7.0077084793        1.4473934328        0.1946179650E-01
    7.0126227209        1.4469200315        0.1949899449E-01
    7.0175438596        1.4464453127        0.1953632540E-01
    7.0224719101        1.4459692712        0.1957378990E-01
    7.0274068869        1.4454919017        0.1961138869E-01
    7.0323488045        1.4450131988        0.1964912244E-01
    7.0372976777        1.4445331573        0.1968699186E-01
    7.0422535211        1.4440517717        0.1972499763E-01
    7.0472163495        1.4435690368        0.1976314047E-01
    7.0521861777        1.4430849471        0.1980142107E-01
    7.0571630205        1.4425994971        0.1983984015E-01
    7.0621468927        1.4421126814        0.1987839842E-01
    7.0671378092        1.4416244944        0.1991709660E-01
    7.0721357850        1.4411349307        0.1995593542E-01
    7.0771408351        1.4406439847        0.1999491561E-01
    7.0821529745        1.4401516508        0.2003403790E-01
    7.0871722183        1.4396579233        0.2007330304E-01
    7.0921985816        1.4391627967        0.2011271177E-01
    7.0972320795        1.4386662651        0.2015226483E-01
    7.1022727273        1.4381683230        0.2019196299E-01
    7.1073205402        1.4376689646        0.2023180701E-01
    7.1123755334        1.4371681840        0.2027179765E-01
    7.1174377224        1.4366659756        0.2031193568E-01
    7.1225071225        1.4361623334        0.2035222189E-01
    7.1275837491        1.4356572515        0.2039265704E-01
    7.1326676177        1.4351507241        0.2043324193E-01
    7.1377587438        1.4346427453        0.2047397735E-01
    7.1428571429        1.4341333090        0.2051486410E-01
    7.1479628306        1.4336224093        0.2055590298E-01
    7.1530758226        1.4331100402        0.2059709480E-01
    7.1581961346        1.4325961954        0.2063844038E-01
    7.1633237822        1.4320808691        0.2067994053E-01
    7.1684587814        1.4315640550        0.2072159609E-01
    7.1736011478        1.4310457469        0.2076340788E-01
    7.1787508973        1.4305259387        0.2080537674E-01
    7.1839080460        1.4300046241        0.2084750352E-01
    7.1890726096        1.4294817969        0.2088978906E-01
    7.1942446043        1.4289574507        0.2093223422E-01
    7.1994240461        1.4284315792        0.2097483986E-01
    7.2046109510        1.4279041760        0.2101760686E-01
    7.2098053353        1.4273752347        0.2106053607E-01
    7.2150072150        1.4268447488        0.2110362839E-01
    7.2202166065        1.4263127120        0.2114688470E-01
    7.2254335260        1.4257791176        0.2119030588E-01
    7.2306579899        1.4252439590        0.2123389285E-01
    7.2358900145        1.4247072298        0.2127764650E-01
    7.2411296162        1.4241689232        0.2132156775E-01
    7.2463768116        1.4236290326        0.2136565751E-01
    7.2516316171        1.4230875513        0.2140991672E-01
    7.2568940493        1.4225444725        0.2145434629E-01
    7.2621641249        1.4219997895        0.2149894717E-01
    7.2674418605        1.4214534953        0.2154372030E-01
    7.2727272727        1.4209055833        0.2158866664E-01
    7.2780203785        1.4203560464        0.2163378715E-01
    7.2833211945        1.4198048777        0.2167908278E-01
    7.2886297376        1.4192520702        0.2172455451E-01
    7.2939460248        1.4186976170        0.2177020332E-01
    7.2992700730        1.4181415109        0.2181603020E-01
    7.3046018992        1.4175837449        0.2186203614E-01
    7.3099415205        1.4170243117        0.2190822214E-01
    7.3152889539        1.4164632043        0.2195458921E-01
    7.3206442167        1.4159004154        0.2200113836E-01
    7.3260073260        1.4153359377        0.2204787063E-01
    7.3313782991        1.4147697639        0.2209478703E-01
    7.3367571533        1.4142018867        0.2214188861E-01
    7.3421439060        1.4136322986        0.2218917642E-01
    7.3475385746        1.4130609923        0.2223665150E-01
    7.3529411765        1.4124879602        0.2228431492E-01
    7.3583517292        1.4119131949        0.2233216775E-01
    7.3637702504        1.4113366887        0.2238021107E-01
    7.3691967576        1.4107584340        0.2242844596E-01
    7.3746312684        1.4101784232        0.2247687351E-01
    7.3800738007        1.4095966485        0.2252549482E-01
    7.3855243722        1.4090131023        0.2257431102E-01
    7.3909830007        1.4084277767        0.2262332320E-01
    7.3964497041        1.4078406639        0.2267253251E-01
    7.4019245004        1.4072517560        0.2272194007E-01
    7.4074074074        1.4066610451        0.2277154703E-01
    7.4128984433        1.4060685231        0.2282135455E-01
    7.4183976261        1.4054741821        0.2287136377E-01
    7.4239049740        1.4048780139        0.2292157588E-01
    7.4294205052        1.4042800105        0.2297199205E-01
    7.4349442379        1.4036801636        0.2302261347E-01
    7.4404761905        1.4030784651        0.2307344133E-01
    7.4460163812        1.4024749066        0.2312447684E-01
    7.4515648286        1.4018694799        0.2317572123E-01
    7.4571215511        1.4012621766        0.2322717570E-01
    7.4626865672        1.4006529882        0.2327884150E-01
    7.4682598954        1.4000419063        0.2333071986E-01
    7.4738415546        1.3994289223        0.2338281205E-01
    7.4794315632        1.3988140277        0.2343511932E-01
    7.4850299401        1.3981972139        0.2348764295E-01
    7.4906367041        1.3975784721        0.2354038421E-01
    7.4962518741        1.3969577936        0.2359334441E-01
    7.5018754689        1.3963351696        0.2364652484E-01
    7.5075075075        1.3957105913        0.2369992682E-01
    7.5131480090        1.3950840498        0.2375355166E-01
    7.5187969925        1.3944555361        0.2380740071E-01
    7.5244544771        1.3938250413        0.2386147530E-01
    7.5301204819        1.3931925562        0.2391577680E-01
    7.5357950264        1.3925580718        0.2397030655E-01
    7.5414781297        1.3919215788        0.2402506595E-01
    7.5471698113        1.3912830681        0.2408005637E-01
    7.5528700906        1.3906425304        0.2413527922E-01
    7.5585789872        1.3899999562        0.2419073590E-01
    7.5642965204        1.3893553362        0.2424642783E-01
    7.5700227101        1.3887086610        0.2430235645E-01
    7.5757575758        1.3880599210        0.2435852320E-01
    7.5815011372        1.3874091066        0.2441492952E-01
    7.5872534143        1.3867562081        0.2447157689E-01
    7.5930144267        1.3861012160        0.2452846679E-01
    7.5987841945        1.3854441204        0.2458560070E-01
    7.6045627376        1.3847849114        0.2464298012E-01
    7.6103500761        1.3841235793        0.2470060657E-01
    7.6161462300        1.3834601140        0.2475848158E-01
    7.6219512195        1.3827945055        0.2481660668E-01
    7.6277650648        1.3821267438        0.2487498343E-01
    7.6335877863        1.3814568187        0.2493361338E-01
    7.6394194041        1.3807847201        0.2499249812E-01
    7.6452599388        1.3801104375        0.2505163923E-01
    7.6511094109        1.3794339608        0.2511103832E-01
    7.6569678407        1.3787552794        0.2517069699E-01
    7.6628352490        1.3780743830        0.2523061689E-01
    7.6687116564        1.3773912609        0.2529079965E-01
    7.6745970837        1.3767059026        0.2535124693E-01
    7.6804915515        1.3760182974        0.2541196039E-01
    7.6863950807        1.3753284346        0.2547294172E-01
    7.6923076923        1.3746363033        0.2553419262E-01
    7.6982294072        1.3739418927        0.2559571480E-01
    7.7041602465        1.3732451918        0.2565750999E-01
    7.7101002313        1.3725461896        0.2571957992E-01
    7.7160493827        1.3718448749        0.2578192635E-01
    7.7220077220        1.3711412367        0.2584455105E-01
    7.7279752705        1.3704352636        0.2590745581E-01
    7.7339520495        1.3697269444        0.2597064242E-01
    7.7399380805        1.3690162676        0.2603411269E-01
    7.7459333850        1.3683032218        0.2609786847E-01
    7.7519379845        1.3675877955        0.2616191160E-01
    7.7579519007        1.3668699770        0.2622624393E-01
    7.7639751553        1.3661497546        0.2629086734E-01
    7.7700077700        1.3654271166        0.2635578374E-01
    7.7760497667        1.3647020510        0.2642099502E-01
    7.7821011673        1.3639745461        0.2648650311E-01
    7.7881619938        1.3632445897        0.2655230996E-01
    7.7942322681        1.3625121697        0.2661841753E-01
    7.8003120125        1.3617772741        0.2668482779E-01
    7.8064012490        1.3610398905        0.2675154274E-01
    7.8125000000        1.3603000066        0.2681856438E-01
    7.8186082877        1.3595576099        0.2688589475E-01
    7.8247261346        1.3588126881        0.2695353589E-01
    7.8308535630        1.3580652284        0.2702148987E-01
    7.8369905956        1.3573152182        0.2708975877E-01
    7.8431372549        1.3565626448        0.2715834469E-01
    7.8492935636        1.3558074953        0.2722724974E-01
    7.8554595444        1.3550497567        0.2729647607E-01
    7.8616352201        1.3542894161        0.2736602583E-01
    7.8678206137        1.3535264603        0.2743590120E-01
    7.8740157480        1.3527608761        0.2750610438E-01
    7.8802206462        1.3519926502        0.2757663757E-01
    7.8864353312        1.3512217693        0.2764750301E-01
    7.8926598264        1.3504482198        0.2771870296E-01
    7.8988941548        1.3496719882        0.2779023969E-01
    7.9051383399        1.3488930608        0.2786211549E-01
    7.9113924051        1.3481114239        0.2793433269E-01
    7.9176563737        1.3473270636        0.2800689361E-01
    7.9239302694        1.3465399659        0.2807980062E-01
    7.9302141158        1.3457501168        0.2815305610E-01
    7.9365079365        1.3449575022        0.2822666244E-01
    7.9428117554        1.3441621077        0.2830062207E-01
    7.9491255962        1.3433639191        0.2837493743E-01
    7.9554494829        1.3425629219        0.2844961099E-01
    7.9617834395        1.3417591015        0.2852464524E-01
    7.9681274900        1.3409524433        0.2860004269E-01
    7.9744816587        1.3401429325        0.2867580589E-01
    7.9808459697        1.3393305542        0.2875193738E-01
    7.9872204473        1.3385152935        0.2882843975E-01
    7.9936051159        1.3376971353        0.2890531560E-01
    8.0000000000        1.3368760644        0.2898256758E-01
    8.0064051241        1.3360520656        0.2906019833E-01
    8.0128205128        1.3352251233        0.2913821053E-01
    8.0192461909        1.3343952222        0.2921660690E-01
    8.0256821830        1.3335623465        0.2929539016E-01
    8.0321285141        1.3327264805        0.2937456306E-01
    8.0385852090        1.3318876084        0.2945412840E-01
    8.0450522928        1.3310457142        0.2953408898E-01
    8.0515297907        1.3302007817        0.2961444763E-01
    8.0580177276        1.3293527949        0.2969520723E-01
    8.0645161290        1.3285017374        0.2977637065E-01
    8.0710250202        1.3276475927        0.2985794082E-01
    8.0775444265        1.3267903442        0.2993992069E-01
    8.0840743735        1.3259299753        0.3002231322E-01
    8.0906148867        1.3250664693        0.3010512142E-01
    8.0971659919        1.3241998090        0.3018834833E-01
    8.1037277147        1.3233299775        0.3027199699E-01
    8.1103000811        1.3224569576        0.3035607051E-01
    8.1168831169        1.3215807320        0.3044057201E-01
    8.1234768481        1.3207012833        0.3052550463E-01
    8.1300813008        1.3198185937        0.3061087156E-01
    8.1366965012        1.3189326458        0.3069667601E-01
    8.1433224756        1.3180434216        0.3078292123E-01
    8.1499592502        1.3171509031        0.3086961048E-01
    8.1566068515        1.3162550722        0.3095674710E-01
    8.1632653061        1.3153559108        0.3104433440E-01
    8.1699346405        1.3144534003        0.3113237577E-01
    8.1766148814        1.3135475224        0.3122087462E-01
    8.1833060556        1.3126382582        0.3130983440E-01
    8.1900081900        1.3117255891        0.3139925857E-01
    8.1967213115        1.3108094960        0.3148915064E-01
    8.2034454471        1.3098899600        0.3157951418E-01
    8.2101806240        1.3089669616        0.3167035276E-01
    8.2169268694        1.3080404816        0.3176166999E-01
    8.2236842105        1.3071105004        0.3185346954E-01
    8.2304526749        1.3061769982        0.3194575510E-01
    8.2372322900        1.3052399554        0.3203853040E-01
    8.2440230833        1.3042993518        0.3213179921E-01
    8.2508250825        1.3033551673        0.3222556534E-01
    8.2576383154        1.3024073816        0.3231983263E-01
    8.2644628099        1.3014559742        0.3241460497E-01
    8.2712985939        1.3005009246        0.3250988628E-01
    8.2781456954        1.2995422118        0.3260568054E-01
    8.2850041425        1.2985798149        0.3270199175E-01
    8.2918739635        1.2976137129        0.3279882396E-01
    8.2987551867        1.2966438844        0.3289618127E-01
    8.3056478405        1.2956703080        0.3299406780E-01
    8.3125519534        1.2946929620        0.3309248775E-01
    8.3194675541        1.2937118247        0.3319144532E-01
    8.3263946711        1.2927268739        0.3329094480E-01
    8.3333333333        1.2917380877        0.3339099049E-01
    8.3402835696        1.2907454437        0.3349158674E-01
    8.3472454090        1.2897489193        0.3359273797E-01
    8.3542188805        1.2887484919        0.3369444863E-01
    8.3612040134        1.2877441385        0.3379672321E-01
    8.3682008368        1.2867358362        0.3389956626E-01
    8.3752093802        1.2857235616        0.3400298238E-01
    8.3822296731        1.2847072913        0.3410697622E-01
    8.3892617450        1.2836870017        0.3421155248E-01
    8.3963056255        1.2826626690        0.3431671589E-01
    8.4033613445        1.2816342691        0.3442247126E-01
    8.4104289319        1.2806017779        0.3452882345E-01
    8.4175084175        1.2795651708        0.3463577735E-01
    8.4245998315        1.2785244233        0.3474333793E-01
    8.4317032040        1.2774795105        0.3485151019E-01
    8.4388185654        1.2764304074        0.3496029922E-01
    8.4459459459        1.2753770888        0.3506971013E-01
    8.4530853762        1.2743195292        0.3517974810E-01
    8.4602368866        1.2732577029        0.3529041838E-01
    8.4674005080        1.2721915841        0.3540172626E-01
    8.4745762712        1.2711211466        0.3551367711E-01
    8.4817642070        1.2700463641        0.3562627633E-01
    8.4889643463        1.2689672101        0.3573952942E-01
    8.4961767205        1.2678836578        0.3585344191E-01
    8.5034013605        1.2667956801        0.3596801940E-01
    8.5106382979        1.2657032499        0.3608326756E-01
    8.5178875639        1.2646063398        0.3619919214E-01
    8.5251491901        1.2635049218        0.3631579891E-01
    8.5324232082        1.2623989683        0.3643309376E-01
    8.5397096499        1.2612884509        0.3655108261E-01
    8.5470085470        1.2601733412        0.3666977147E-01
    8.5543199316        1.2590536106        0.3678916640E-01
    8.5616438356        1.2579292301        0.3690927355E-01
    8.5689802913        1.2568001705        0.3703009913E-01
    8.5763293310        1.2556664025        0.3715164942E-01
    8.5836909871        1.2545278963        0.3727393080E-01
    8.5910652921        1.2533846220        0.3739694968E-01
    8.5984522786        1.2522365493        0.3752071259E-01
    8.6058519793        1.2510836478        0.3764522611E-01
    8.6132644272        1.2499258868        0.3777049691E-01
    8.6206896552        1.2487632351        0.3789653173E-01
    8.6281276963        1.2475956615        0.3802333741E-01
    8.6355785838        1.2464231344        0.3815092084E-01
    8.6430423509        1.2452456219        0.3827928902E-01
    8.6505190311        1.2440630918        0.3840844904E-01
    8.6580086580        1.2428755118        0.3853840805E-01
    8.6655112652        1.2416828490        0.3866917329E-01
    8.6730268864        1.2404850705        0.3880075212E-01
    8.6805555556        1.2392821428        0.3893315195E-01
    8.6880973067        1.2380740324        0.3906638032E-01
    8.6956521739        1.2368607052        0.3920044482E-01
    8.7032201915        1.2356421271        0.3933535316E-01
    8.7108013937        1.2344182633        0.3947111316E-01
    8.7183958152        1.2331890792        0.3960773270E-01
    8.7260034904        1.2319545393        0.3974521979E-01
    8.7336244541        1.2307146081        0.3988358252E-01
    8.7412587413        1.2294692498        0.4002282909E-01
    8.7489063867        1.2282184282        0.4016296781E-01
    8.7565674256        1.2269621066        0.4030400709E-01
    8.7642418931        1.2257002482        0.4044595544E-01
    8.7719298246        1.2244328156        0.4058882149E-01
    8.7796312555        1.2231597714        0.4073261396E-01
    8.7873462214        1.2218810776        0.4087734172E-01
    8.7950747581        1.2205966957        0.4102301372E-01
    8.8028169014        1.2193065872        0.4116963903E-01
    8.8105726872        1.2180107129        0.4131722686E-01
    8.8183421517        1.2167090334        0.4146578651E-01
    8.8261253310        1.2154015089        0.4161532743E-01
    8.8339222615        1.2140880992        0.4176585917E-01
    8.8417329797        1.2127687637        0.4191739142E-01
    8.8495575221        1.2114434614        0.4206993400E-01
    8.8573959256        1.2101121510        0.4222349685E-01
    8.8652482270        1.2087747905        0.4237809004E-01
    8.8731144632        1.2074313378        0.4253372380E-01
    8.8809946714        1.2060817504        0.4269040846E-01
    8.8888888889        1.2047259850        0.4284815452E-01
    8.8967971530        1.2033639984        0.4300697261E-01
    8.9047195013        1.2019957464        0.4316687349E-01
    8.9126559715        1.2006211850        0.4332786810E-01
    8.9206066012        1.1992402691        0.4348996750E-01
    8.9285714286        1.1978529536        0.4365318291E-01
    8.9365504915        1.1964591928        0.4381752571E-01
    8.9445438283        1.1950589406        0.4398300743E-01
    8.9525514772        1.1936521503        0.4414963977E-01
    8.9605734767        1.1922387748        0.4431743458E-01
    8.9686098655        1.1908187665        0.4448640389E-01
    8.9766606822        1.1893920773        0.4465655988E-01
    8.9847259659        1.1879586588        0.4482791493E-01
    8.9928057554        1.1865184618        0.4500048155E-01
    9.0009000900        1.1850714368        0.4517427248E-01
    9.0090090090        1.1836175336        0.4534930061E-01
    9.0171325518        1.1821567016        0.4552557902E-01
    9.0252707581        1.1806888898        0.4570312098E-01
    9.0334236676        1.1792140464        0.4588193995E-01
    9.0415913201        1.1777321193        0.4606204958E-01
    9.0497737557        1.1762430555        0.4624346374E-01
    9.0579710145        1.1747468019        0.4642619647E-01
    9.0661831369        1.1732433045        0.4661026205E-01
    9.0744101633        1.1717325088        0.4679567494E-01
    9.0826521344        1.1702143597        0.4698244982E-01
    9.0909090909        1.1686888016        0.4717060162E-01
    9.0991810737        1.1671557783        0.4736014544E-01
    9.1074681239        1.1656152329        0.4755109665E-01
    9.1157702826        1.1640671079        0.4774347083E-01
    9.1240875912        1.1625113451        0.4793728380E-01
    9.1324200913        1.1609478859        0.4813255162E-01
    9.1407678245        1.1593766708        0.4832929058E-01
    9.1491308326        1.1577976398        0.4852751725E-01
    9.1575091575        1.1562107322        0.4872724844E-01
    9.1659028414        1.1546158866        0.4892850119E-01
    9.1743119266        1.1530130409        0.4913129286E-01
    9.1827364555        1.1514021323        0.4933564102E-01
    9.1911764706        1.1497830974        0.4954156357E-01
    9.1996320147        1.1481558720        0.4974907866E-01
    9.2081031308        1.1465203911        0.4995820471E-01
    9.2165898618        1.1448765892        0.5016896048E-01
    9.2250922509        1.1432243997        0.5038136499E-01
    9.2336103416        1.1415637556        0.5059543756E-01
    9.2421441774        1.1398945889        0.5081119786E-01
    9.2506938020        1.1382168308        0.5102866583E-01
    9.2592592593        1.1365304120        0.5124786177E-01
    9.2678405931        1.1348352619        0.5146880628E-01
    9.2764378479        1.1331313095        0.5169152031E-01
    9.2850510678        1.1314184828        0.5191602516E-01
    9.2936802974        1.1296967090        0.5214234248E-01
    9.3023255814        1.1279659144        0.5237049427E-01
    9.3109869646        1.1262260244        0.5260050289E-01
    9.3196644921        1.1244769636        0.5283239110E-01
    9.3283582090        1.1227186556        0.5306618201E-01
    9.3370681606        1.1209510232        0.5330189914E-01
    9.3457943925        1.1191739881        0.5353956641E-01
    9.3545369504        1.1173874712        0.5377920813E-01
    9.3632958801        1.1155913924        0.5402084905E-01
    9.3720712277        1.1137856706        0.5426451433E-01
    9.3808630394        1.1119702238        0.5451022957E-01
    9.3896713615        1.1101449687        0.5475802081E-01
    9.3984962406        1.1083098215        0.5500791454E-01
    9.4073377234        1.1064646968        0.5525993774E-01
    9.4161958569        1.1046095084        0.5551411783E-01
    9.4250706880        1.1027441691        0.5577048275E-01
    9.4339622642        1.1008685905        0.5602906090E-01
    9.4428706327        1.0989826830        0.5628988123E-01
    9.4517958412        1.0970863560        0.5655297318E-01
    9.4607379376        1.0951795178        0.5681836674E-01
    9.4696969697        1.0932620753        0.5708609242E-01
    9.4786729858        1.0913339344        0.5735618132E-01
    9.4876660342        1.0893949997        0.5762866509E-01
    9.4966761633        1.0874451746        0.5790357598E-01
    9.5057034221        1.0854843613        0.5818094680E-01
    9.5147478592        1.0835124606        0.5846081103E-01
    9.5238095238        1.0815293720        0.5874320273E-01
    9.5328884652        1.0795349939        0.5902815662E-01
    9.5419847328        1.0775292230        0.5931570809E-01
    9.5510983763        1.0755119550        0.5960589317E-01
    9.5602294455        1.0734830839        0.5989874862E-01
    9.5693779904        1.0714425024        0.6019431188E-01
    9.5785440613        1.0693901019        0.6049262112E-01
    9.5877277085        1.0673257720        0.6079371528E-01
    9.5969289827        1.0652494011        0.6109763401E-01
    9.6061479347        1.0631608760        0.6140441779E-01
    9.6153846154        1.0610600818        0.6171410788E-01
    9.6246390760        1.0589469022        0.6202674635E-01
    9.6339113680        1.0568212192        0.6234237614E-01
    9.6432015429        1.0546829131        0.6266104104E-01
    9.6525096525        1.0525318628        0.6298278573E-01
    9.6618357488        1.0503679452        0.6330765578E-01
    9.6711798839        1.0481910355        0.6363569773E-01
    9.6805421104        1.0460010072        0.6396695905E-01
    9.6899224806        1.0437977322        0.6430148821E-01
    9.6993210475        1.0415810801        0.6463933468E-01
    9.7087378641        1.0393509190        0.6498054897E-01
    9.7181729835        1.0371071150        0.6532518267E-01
    9.7276264591        1.0348495322        0.6567328844E-01
    9.7370983447        1.0325780328        0.6602492009E-01
    9.7465886940        1.0302924770        0.6638013257E-01
    9.7560975610        1.0279927226        0.6673898202E-01
    9.7656250000        1.0256786259        0.6710152580E-01
    9.7751710655        1.0233500405        0.6746782253E-01
    9.7847358121        1.0210068182        0.6783793212E-01
    9.7943192948        1.0186488082        0.6821191580E-01
    9.8039215686        1.0162758579        0.6858983619E-01
    9.8135426889        1.0138878119        0.6897175728E-01
    9.8231827112        1.0114845128        0.6935774453E-01
    9.8328416912        1.0090658006        0.6974786488E-01
    9.8425196850        1.0066315128        0.7014218679E-01
    9.8522167488        1.0041814845        0.7054078032E-01
    9.8619329389        1.0017155482        0.7094371714E-01
    9.8716683119        0.9992335338        0.7135107058E-01
    9.8814229249        0.9967352684        0.7176291573E-01
    9.8911968348        0.9942205765        0.7217932940E-01
    9.9009900990        0.9916892797        0.7260039028E-01
    9.9108027750        0.9891411970        0.7302617890E-01
    9.9206349206        0.9865761441        0.7345677778E-01
    9.9304865938        0.9839939340        0.7389227141E-01
    9.9403578529        0.9813943767        0.7433274635E-01
    9.9502487562        0.9787772788        0.7477829130E-01
    9.9601593625        0.9761424442        0.7522899715E-01
    9.9700897308        0.9734896731        0.7568495706E-01
    9.9800399202        0.9708187626        0.7614626656E-01
    9.9900099900        0.9681295065        0.7661302355E-01
   10.0000000000        0.9654216950        0.7708532846E-01
   10.0100100100        0.9626951148        0.7756328430E-01
   10.0200400802        0.9599495491        0.7804699672E-01
   10.0300902708        0.9571847772        0.7853657416E-01
   10.0401606426        0.9544005749        0.7903212787E-01
   10.0502512563        0.9515967139        0.7953377206E-01
   10.0603621730        0.9487729620        0.8004162399E-01
   10.0704934542        0.9459290832        0.8055580405E-01
   10.0806451613        0.9430648370        0.8107643589E-01
   10.0908173562        0.9401799790        0.8160364654E-01
   10.1010101010        0.9372742603        0.8213756650E-01
   10.1112234580        0.9343474277        0.8267832990E-01
   10.1214574899        0.9313992233        0.8322607460E-01
   10.1317122594        0.9284293848        0.8378094232E-01
   10.1419878296        0.9254376451        0.8434307882E-01
   10.1522842640        0.9224237321        0.8491263398E-01
   10.1626016260        0.9193873690        0.8548976204E-01
   10.1729399797        0.9163282738        0.8607462168E-01
   10.1832993890        0.9132461593        0.8666737622E-01
   10.1936799185        0.9101407329        0.8726819380E-01
   10.2040816327        0.9070116968        0.8787724754E-01
   10.2145045965        0.9038587475        0.8849471576E-01
   10.2249488753        0.9006815758        0.8912078216E-01
   10.2354145343        0.8974798667        0.8975563602E-01
   10.2459016393        0.8942532991        0.9039947244E-01
   10.2564102564        0.8910015459        0.9105249256E-01
   10.2669404517        0.8877242739        0.9171490379E-01
   10.2774922919        0.8844211432        0.9238692008E-01
   10.2880658436        0.8810918074        0.9306876216E-01
   10.2986611740        0.8777359136        0.9376065783E-01
   10.3092783505        0.8743531018        0.9446284225E-01
   10.3199174407        0.8709430050        0.9517555825E-01
   10.3305785124        0.8675052490        0.9589905663E-01
   10.3412616339        0.8640394523        0.9663359649E-01
   10.3519668737        0.8605452258        0.9737944564E-01
   10.3626943005        0.8570221726        0.9813688087E-01
   10.3734439834        0.8534698879        0.9890618844E-01
   10.3842159917        0.8498879589        0.9968766443E-01
   10.3950103950        0.8462759644        0.1004816152
   10.4058272633        0.8426334748        0.1012883577
   10.4166666667        0.8389600519        0.1021082204
   10.4275286757        0.8352552484        0.1029415430
   10.4384133612        0.8315186082        0.1037886778
   10.4493207941        0.8277496658        0.1046499898
   10.4602510460        0.8239479461        0.1055258572
   10.4712041885        0.8201129647        0.1064166724
   10.4821802935        0.8162442270        0.1073228424
   10.4931794334        0.8123412283        0.1082447893
   10.5042016807        0.8084034540        0.1091829516
   10.5152471083        0.8044303787        0.1101377844
   10.5263157895        0.8004214664        0.1111097607
   10.5374077977        0.7963761701        0.1120993716
   10.5485232068        0.7922939321        0.1131071281
   10.5596620908        0.7881741831        0.1141335611
   10.5708245243        0.7840163426        0.1151792233
   10.5820105820        0.7798198185        0.1162446897
   10.5932203390        0.7755840068        0.1173305588
   10.6044538706        0.7713082918        0.1184374542
   10.6157112527        0.7669920458        0.1195660254
   10.6269925611        0.7626346291        0.1207169495
   10.6382978723        0.7582353895        0.1218909323
   10.6496272630        0.7537936631        0.1230887103
   10.6609808102        0.7493087733        0.1243110518
   10.6723585912        0.7447800317        0.1255587591
   10.6837606838        0.7402067375        0.1268326699
   10.6951871658        0.7355881780        0.1281336594
   10.7066381156        0.7309236287        0.1294626426
   10.7181136120        0.7262123534        0.1308205760
   10.7296137339        0.7214536047        0.1322084603
   10.7411385607        0.7166466244        0.1336273427
   10.7526881720        0.7117906437        0.1350783194
   10.7642626480        0.7068848843        0.1365625385
   10.7758620690        0.7019285586        0.1380812030
   10.7874865156        0.6969208711        0.1396355737
   10.7991360691        0.6918610190        0.1412269727
   10.8108108108        0.6867481938        0.1428567865
   10.8225108225        0.6815815824        0.1445264703
   10.8342361863        0.6763603691        0.1462375513
   10.8459869848        0.6710837372        0.1479916332
   10.8577633008        0.6657508714        0.1497904005
   10.8695652174        0.6603609607        0.1516356230
   10.8813928183        0.6549132008        0.1535291604
   10.8932461874        0.6494067978        0.1554729679
   10.9051254089        0.6438409721        0.1574691012
   10.9170305677        0.6382149629        0.1595197221
   10.9289617486        0.6325280329        0.1616271040
   10.9409190372        0.6267794744        0.1637936384
   10.9529025192        0.6209686157        0.1660218407
   10.9649122807        0.6150948285        0.1683143569
   10.9769484083        0.6091575360        0.1706739697
   10.9890109890        0.6031562225        0.1731036051
   11.0011001100        0.5970904441        0.1756063392
   11.0132158590        0.5909598402        0.1781854045
   11.0253583241        0.5847641470        0.1808441960
   11.0375275938        0.5785032126        0.1835862775
   11.0497237569        0.5721770130        0.1864153866
   11.0619469027        0.5657856712        0.1893354396
   11.0741971207        0.5593294773        0.1923505352
   11.0864745011        0.5528089110        0.1954649571
   11.0987791343        0.5462246668        0.1986831748
   11.1111111111        0.5395776803        0.2020098423
   11.1234705228        0.5328691587        0.2054497950
   11.1358574610        0.5261006116        0.2090080426
   11.1482720178        0.5192738859        0.2126897592
   11.1607142857        0.5123912011        0.2165002686
   11.1731843575        0.5054551880        0.2204450251
   11.1856823266        0.4984689271        0.2245295879
   11.1982082867        0.4914359890        0.2287595890
   11.2107623318        0.4843604736        0.2331406945
   11.2233445567        0.4772470482        0.2376785565
   11.2359550562        0.4701009836        0.2423787574
   11.2485939258        0.4629281844        0.2472467438
   11.2612612613        0.4557352145        0.2522877524
   11.2739571590        0.4485293126        0.2575067254
   11.2866817156        0.4413183979        0.2629082177
   11.2994350282        0.4341110620        0.2684962979
   11.3122171946        0.4269165444        0.2742744422
   11.3250283126        0.4197446907        0.2802454268
   11.3378684807        0.4126058904        0.2864112210
   11.3507377980        0.4055109936        0.2927728847
   11.3636363636        0.3984712072        0.2993304753
   11.3765642776        0.3914979699        0.3060829699
   11.3895216401        0.3846028101        0.3130282055
   11.4025085519        0.3777971891        0.3201628442
   11.4155251142        0.3710923350        0.3274823656
   11.4285714286        0.3644990738        0.3349810890
   11.4416475973        0.3580276624        0.3426522271
   11.4547537228        0.3516876337        0.3504879692
   11.4678899083        0.3454876567        0.3584795929
   11.4810562572        0.3394354207        0.3666175981
   11.4942528736        0.3335375451        0.3748918589
   11.5074798619        0.3277995199        0.3832917869
   11.5207373272        0.3222256766        0.3918064984
   11.5340253749        0.3168191888        0.4004249791
   11.5473441109        0.3115821009        0.4091362409
   11.5606936416        0.3065153805        0.4179294645
   11.5740740741        0.3016189908        0.4267941260
   11.5874855156        0.2968919773        0.4357201028
   11.6009280742        0.2923325655        0.4446977599
   11.6144018583        0.2879382626        0.4537180150
   11.6279069767        0.2837059622        0.4627723850
   11.6414435390        0.2796320456        0.4718530134
   11.6550116550        0.2757124793        0.4809526829
   11.6686114352        0.2719429054        0.4900648144
   11.6822429907        0.2683187242        0.4991834548
   11.6959064327        0.2648351681        0.5083032563
   11.7096018735        0.2614873666        0.5174194491
   11.7233294256        0.2582704025        0.5265278096
   11.7370892019        0.2551793592        0.5356246254
   11.7508813161        0.2522093611        0.5447066593
   11.7647058824        0.2493556059        0.5537711118
   11.7785630153        0.2466133909        0.5628155848
   11.7924528302        0.2439781336        0.5718380462
   11.8063754427        0.2414453874        0.5808367955
   11.8203309693        0.2390108530        0.5898104318
   11.8343195266        0.2366703861        0.5987578238
   11.8483412322        0.2344200026        0.6076780813
   11.8623962040        0.2322558805        0.6165705296
   11.8764845606        0.2301743606        0.6254346860
   11.8906064209        0.2281719452        0.6342702376
   11.9047619048        0.2262452953        0.6430770223
   11.9189511323        0.2243912273        0.6518550105
   11.9331742243        0.2226067086        0.6606042893
   11.9474313023        0.2208888525        0.6693250480
   11.9617224880        0.2192349134        0.6780175654
   11.9760479042        0.2176422806        0.6866821981
   11.9904076739        0.2161084735        0.6953193699
   12.0048019208        0.2146311351        0.7039295633
   12.0192307692        0.2132080269        0.7125133108
   12.0336943442        0.2118370228        0.7210711877
   12.0481927711        0.2105161039        0.7296038060
   12.0627261761        0.2092433533        0.7381118085
   12.0772946860        0.2080169506        0.7465958637
   12.0918984281        0.2068351669        0.7550566616
   12.1065375303        0.2056963606        0.7634949099
   12.1212121212        0.2045989720        0.7719113301
   12.1359223301        0.2035415196        0.7803066550
   12.1506682868        0.2025225959        0.7886816260
   12.1654501217        0.2015408630        0.7970369906
   12.1802679659        0.2005950493        0.8053735007
   12.1951219512        0.1996839459        0.8136919106
   12.2100122100        0.1988064032        0.8219929756
   12.2249388753        0.1979613275        0.8302774510
   12.2399020808        0.1971476786        0.8385460906
   12.2549019608        0.1963644665        0.8467996459
   12.2699386503        0.1956107488        0.8550388655
   12.2850122850        0.1948856284        0.8632644940
   12.3001230012        0.1941882509        0.8714772719
   12.3152709360        0.1935178026        0.8796779351
   12.3304562269        0.1928735082        0.8878672141
   12.3456790123        0.1922546292        0.8960458343
   12.3609394314        0.1916604614        0.9042145152
   12.3762376238        0.1910903337        0.9123739708
   12.3915737299        0.1905436063        0.9205249091
   12.4069478908        0.1900196691        0.9286680322
   12.4223602484        0.1895179401        0.9368040362
   12.4378109453        0.1890378644        0.9449336113
   12.4533001245        0.1885789127        0.9530574419
   12.4688279302        0.1881405797        0.9611762064
   12.4843945069        0.1877223838        0.9692905777
   12.5000000000        0.1873238651        0.9774012229
   12.5156445557        0.1869445851        0.9855088038
   12.5313283208        0.1865841252        0.9936139769
   12.5470514429        0.1862420862        1.0017173933
   12.5628140704        0.1859180872        1.0098196996
   12.5786163522        0.1856117648        1.0179215373
   12.5944584383        0.1853227725        1.0260235434
   12.6103404792        0.1850507798        1.0341263506
   12.6262626263        0.1847954715        1.0422305873
   12.6422250316        0.1845565474        1.0503368783
   12.6582278481        0.1843337212        1.0584458443
   12.6742712294        0.1841267203        1.0665581027
   12.6903553299        0.1839352852        1.0746742676
   12.7064803050        0.1837591687        1.0827949503
   12.7226463104        0.1835981359        1.0909207588
   12.7388535032        0.1834519634        1.0990522991
   12.7551020408        0.1833204388        1.1071901744
   12.7713920817        0.1832033607        1.1153349863
   12.7877237852        0.1831005379        1.1234873340
   12.8040973111        0.1830117895        1.1316478156
   12.8205128205        0.1829369438        1.1398170274
   12.8369704750        0.1828758390        1.1479955650
   12.8534704370        0.1828283220        1.1561840228
   12.8700128700        0.1827942485        1.1643829946
   12.8865979381        0.1827734829        1.1725930738
   12.9032258065        0.1827658977        1.1808148539
   12.9198966408        0.1827713735        1.1890489280
   12.9366106080        0.1827897985        1.1972958899
   12.9533678756        0.1828210688        1.2055563339
   12.9701686122        0.1828650876        1.2138308549
   12.9870129870        0.1829217655        1.2221200492
   13.0039011704        0.1829910200        1.2304245140
   13.0208333333        0.1830727756        1.2387448485
   13.0378096480        0.1831669634        1.2470816533
   13.0548302872        0.1832735211        1.2554355312
   13.0718954248        0.1833923929        1.2638070875
   13.0890052356        0.1835235294        1.2721969296
   13.1061598952        0.1836668873        1.2806056682
   13.1233595801        0.1838224293        1.2890339166
   13.1406044678        0.1839901245        1.2974822918
   13.1578947368        0.1841699476        1.3059514143
   13.1752305665        0.1843618793        1.3144419082
   13.1926121372        0.1845659062        1.3229544020
   13.2100396301        0.1847820203        1.3314895285
   13.2275132275        0.1850102196        1.3400479251
   13.2450331126        0.1852505077        1.3486302341
   13.2625994695        0.1855028937        1.3572371032
   13.2802124834        0.1857673922        1.3658691855
   13.2978723404        0.1860440236        1.3745271398
   13.3155792277        0.1863328134        1.3832116311
   13.3333333333        0.1866337931        1.3919233308
   13.3511348465        0.1869469994        1.4006629168
   13.3689839572        0.1872724746        1.4094310741
   13.3868808568        0.1876102663        1.4182284953
   13.4048257373        0.1879604281        1.4270558801
   13.4228187919        0.1883230186        1.4359139365
   13.4408602151        0.1886981024        1.4448033808
   13.4589502019        0.1890857495        1.4537249377
   13.4770889488        0.1894860356        1.4626793412
   13.4952766532        0.1898990421        1.4716673345
   13.5135135135        0.1903248563        1.4806896703
   13.5317997294        0.1907635710        1.4897471118
   13.5501355014        0.1912152851        1.4988404324
   13.5685210312        0.1916801034        1.5079704164
   13.5869565217        0.1921581368        1.5171378593
   13.6054421769        0.1926495023        1.5263435685
   13.6239782016        0.1931543231        1.5355883633
   13.6425648022        0.1936727287        1.5448730756
   13.6612021858        0.1942048551        1.5541985504
   13.6798905609        0.1947508448        1.5635656460
   13.6986301370        0.1953108470        1.5729752348
   13.7174211248        0.1958850178        1.5824282034
   13.7362637363        0.1964735202        1.5919254535
   13.7551581843        0.1970765244        1.6014679024
   13.7741046832        0.1976942076        1.6110564829
   13.7931034483        0.1983267548        1.6206921449
   13.8121546961        0.1989743585        1.6303758549
   13.8312586445        0.1996372190        1.6401085976
   13.8504155125        0.2003155446        1.6498913757
   13.8696255201        0.2010095519        1.6597252107
   13.8888888889        0.2017194661        1.6696111442
   13.9082058414        0.2024455207        1.6795502375
   13.9275766017        0.2031879586        1.6895435733
   13.9470013947        0.2039470318        1.6995922556
   13.9664804469        0.2047230015        1.7096974112
   13.9860139860        0.2055161390        1.7198601898
   14.0056022409        0.2063267255        1.7300817653
   14.0252454418        0.2071550529        1.7403633362
   14.0449438202        0.2080014235        1.7507061270
   14.0646976090        0.2088661507        1.7611113884
   14.0845070423        0.2097495598        1.7715803989
   14.1043723554        0.2106519873        1.7821144654
   14.1242937853        0.2115737826        1.7927149241
   14.1442715700        0.2125153074        1.8033831420
   14.1643059490        0.2134769366        1.8141205173
   14.1843971631        0.2144590589        1.8249284813
   14.2045454545        0.2154620769        1.8358084988
   14.2247510669        0.2164864080        1.8467620699
   14.2450142450        0.2175324849        1.8577907310
   14.2653352354        0.2186007558        1.8688960560
   14.2857142857        0.2196916854        1.8800796580
   14.3061516452        0.2208057556        1.8913431904
   14.3266475645        0.2219434658        1.9026883486
   14.3472022956        0.2231053339        1.9141168714
   14.3678160920        0.2242918970        1.9256305427
   14.3884892086        0.2255037122        1.9372311933
   14.4092219020        0.2267413571        1.9489207024
   14.4300144300        0.2280054313        1.9607009995
   14.4508670520        0.2292965568        1.9725740664
   14.4717800289        0.2306153793        1.9845419393
   14.4927536232        0.2319625688        1.9966067107
   14.5137880987        0.2333388213        2.0087705317
   14.5348837209        0.2347448593        2.0210356141
   14.5560407569        0.2361814334        2.0334042331
   14.5772594752        0.2376493235        2.0458787297
   14.5985401460        0.2391493402        2.0584615131
   14.6198830409        0.2406823259        2.0711550638
   14.6412884334        0.2422491567        2.0839619362
   14.6627565982        0.2438507438        2.0968847619
   14.6842878120        0.2454880353        2.1099262527
   14.7058823529        0.2471620176        2.1230892039
   14.7275405007        0.2488737180        2.1363764978
   14.7492625369        0.2506242059        2.1497911077
   14.7710487445        0.2524145954        2.1633361011
   14.7928994083        0.2542460477        2.1770146446
   14.8148148148        0.2561197730        2.1908300075
   14.8367952522        0.2580370333        2.2047855664
   14.8588410104        0.2599991452        2.2188848103
   14.8809523810        0.2620074827        2.2331313454
   14.9031296572        0.2640634800        2.2475288999
   14.9253731343        0.2661686353        2.2620813304
   14.9476831091        0.2683245138        2.2767926269
   14.9700598802        0.2705327514        2.2916669195
   14.9925037481        0.2727950592        2.3067084848
   15.0150150150        0.2751132270        2.3219217527
   15.0375939850        0.2774891282        2.3373113134
   15.0602409639        0.2799247245        2.3528819257
   15.0829562594        0.2824220713        2.3686385246
   15.1057401813        0.2849833227        2.3845862302
   15.1285930408        0.2876107380        2.4007303565
   15.1515151515        0.2903066874        2.4170764214
   15.1745068285        0.2930736594        2.4336301567
   15.1975683891        0.2959142677        2.4503975192
   15.2207001522        0.2988312592        2.4673847019
   15.2439024390        0.3018275223        2.4845981465
   15.2671755725        0.3049060961        2.5020445563
   15.2905198777        0.3080701802        2.5197309102
   15.3139356815        0.3113231450        2.5376644770
   15.3374233129        0.3146685434        2.5558528317
   15.3609831029        0.3181101227        2.5743038718
   15.3846153846        0.3216518383        2.5930258352
   15.4083204931        0.3252978677        2.6120273192
   15.4320987654        0.3290526263        2.6313173009
   15.4559505410        0.3329207840        2.6509051587
   15.4798761610        0.3369072840        2.6708006956
   15.5038759690        0.3410173621        2.6910141640
   15.5279503106        0.3452565688        2.7115562921
   15.5520995334        0.3496307928        2.7324383125
   15.5763239875        0.3541462862        2.7536719926
   15.6006240250        0.3588096935        2.7752696674
   15.6250000000        0.3636280812        2.7972442743
   15.6494522692        0.3686089719        2.8196093913
   15.6739811912        0.3737603812        2.8423792771
   15.6985871272        0.3790908573        2.8655689152
   15.7232704403        0.3846095258        2.8891940604
   15.7480314961        0.3903261379        2.9132712901
   15.7728706625        0.3962511245        2.9378180582
   15.7977883096        0.4023956546        2.9628527547
   15.8227848101        0.4087717012        2.9883947692
   15.8478605388        0.4153921127        3.0144645597
   15.8730158730        0.4222706934        3.0410837271
   15.8982511924        0.4294222921        3.0682750962
   15.9235668790        0.4368629003        3.0960628026
   15.9489633174        0.4446097623        3.1244723881
   15.9744408946        0.4526814975        3.1535309029
   16.0000000000        0.4610982366        3.1832670179
   16.0256410256        0.4698817753        3.2137111453
   16.0513643660        0.4790557456        3.2448955709
   16.0771704180        0.4886458082        3.2768545975
   16.1030595813        0.4986798701        3.3096247005
   16.1290322581        0.5091883291        3.3432446980
   16.1550888530        0.5202043507        3.3777559354
   16.1812297735        0.5317641817        3.4132024863
   16.2074554295        0.5439075067        3.4496313716
   16.2337662338        0.5566778533        3.4870927973
   16.2601626016        0.5701230551        3.5256404137
   16.2866449511        0.5842957811        3.5653315959
   16.3132137031        0.5992541425        3.6062277487
   16.3398692810        0.6150623915        3.6483946362
   16.3666121113        0.6317917258        3.6919027377
   16.3934426230        0.6495212200        3.7368276296
   16.4203612479        0.6683389049        3.7832503944
   16.4473684211        0.6883430234        3.8312580539
   16.4744645799        0.7096434947        3.8809440265
   16.5016501650        0.7323636292        3.9324085997
   16.5289256198        0.7566421401        3.9857594132
   16.5562913907        0.7826355131        4.0411119367
   16.5837479270        0.8105208060        4.0985899239
   16.6112956811        0.8404989668        4.1583258125
   16.6389351082        0.8727987789        4.2204610279
   16.6666666667        0.9076815680        4.2851461274
   16.6944908180        0.9454468323        4.3525406967
   16.7224080268        0.9864389994        4.4228128692
   16.7504187605        1.0310555542        4.4961382869
   16.7785234899        1.0797568378        4.5726982400
   16.8067226891        1.1330778801        4.6526766135
   16.8350168350        1.1916426969        4.7362551077
   16.8634064081        1.2561815566        4.8236059701
   16.8918918919        1.3275517832        4.9148811504
   16.9204737733        1.4067626956        5.0101963163
   16.9491525424        1.4950052352        5.1096075029
   16.9779286927        1.5936866293        5.2130772163
   17.0068027211        1.7044699128        5.3204254946
   17.0357751278        1.8293170239        5.4312596300
   17.0648464164        1.9705320227        5.5448739263
   17.0940170940        2.1307969770        5.6601080802
   17.1232876712        2.3131859769        5.7751500479
   17.1526586621        2.5211308001        5.8872680459
   17.1821305842        2.7582928420        5.9924601198
   17.2117039587        3.0282688526        6.0850256669
   17.2413793103        3.3340261821        6.1571042690
   17.2711571675        3.6769431274        6.1983112892
   17.3010380623        4.0553653305        6.1957400998
   17.3310225303        4.4627609360        6.1347710077
   17.3611111111        4.8859503448        6.0011943145
   17.3913043478        5.3044454318        5.7848397987
   17.4216027875        5.6922276474        5.4839573369
   17.4520069808        6.0225677026        5.1083377563
   17.4825174825        6.2745405744        4.6788525916
   17.5131348511        6.4381385644        4.2228231030
   17.5438596491        6.5153844612        3.7673726152
   17.5746924429        6.5174638345        3.3340403513
   17.6056338028        6.4600972295        2.9365135226
   17.6366843034        6.3594697107        2.5811549679
   17.6678445230        6.2297728813        2.2689287461
   17.6991150442        6.0822616757        1.9974964483
   17.7304964539        5.9252690691        1.7628744225
   17.7619893428        5.7646571847        1.5605259344
   17.7935943060        5.6043771787        1.3859867861
   17.8253119430        5.4469812371        1.2351736740
   17.8571428571        5.2940340686        1.1045016600
   17.8890876565        5.1464215076        0.9908978236
   17.9211469534        5.0045726474        0.8917645880
   17.9533213645        4.8686156506        0.8049230248
   17.9856115108        4.7384851644        0.7285520700
   18.0180180180        4.6139954417        0.6611312865
   18.0505415162        4.4948895873        0.6013902769
   18.0831826401        4.3808723708        0.5482655147
   18.1159420290        4.2716318077        0.5008642525
   18.1488203267        4.1668531059        0.4584347053
   18.1818181818        4.0662274462        0.4203415853
   18.2149362477        3.9694572848        0.3860460926
   18.2481751825        3.8762593276        0.3550895711
   18.2815356490        3.7863659619        0.3270801504
   18.3150183150        3.6995256776        0.3016818124
   18.3486238532        3.6155028389        0.2786054245
   18.3823529412        3.5340770526        0.2576013641
   18.4162062615        3.4550422957        0.2384534362
   18.4501845018        3.3782059120        0.2209738407
   18.4842883549        3.3033875506        0.2049989954
   18.5185185185        3.2304180902        0.1903860601
   18.5528756957        3.1591385802        0.1770100329
   18.5873605948        3.0893992120        0.1647613211
   18.6219739292        3.0210583318        0.1535437026
   18.6567164179        2.9539814934        0.1432726118
   18.6915887850        2.8880405533        0.1338736991
   18.7265917603        2.8231128008        0.1252816169
   18.7617260788        2.7590801178        0.1174390010
   18.7969924812        2.6958281605        0.1102956172
   18.8323917137        2.6332455526        0.1038076514
   18.8679245283        2.5712230800        0.9793712571E-01
   18.9035916824        2.5096528733        0.9265142860E-01
   18.9393939394        2.4484275643        0.8792294774E-01
   18.9753320683        2.3874393985        0.8372880206E-01
   19.0114068441        2.3265792841        0.8005067050E-01
   19.0476190476        2.2657357505        0.7687472028E-01
   19.0839694656        2.2047937877        0.7419164222E-01
   19.1204588910        2.1436335250        0.7199680685E-01
   19.1570881226        2.0821287011        0.7029056329E-01
   19.1938579655        2.0201448573        0.6907871368E-01
   19.2307692308        1.9575371701        0.6837321245E-01
   19.2678227360        1.8941478034        0.6819316239E-01
   19.3050193050        1.8298026228        0.6856621521E-01
   19.3423597679        1.7643070486        0.6953053853E-01
   19.3798449612        1.6974407331        0.7113759784E-01
   19.4174757282        1.6289506095        0.7345614438E-01
   19.4552529183        1.5585416488        0.7657803954E-01
   19.4931773879        1.4858643292        0.8062696693E-01
   19.5312500000        1.4104973048        0.8577184823E-01
   19.5694716243        1.3319229286        0.9224823554E-01
   19.6078431373        1.2494919752        0.1003938705
   19.6463654224        1.1623719464        0.1107107924
   19.6850393701        1.0694710628        0.1239804110
   19.7238658777        0.9693309124        0.1414921067
   19.7628458498        0.8600058897        0.1655346687
   19.8019801980        0.7391183281        0.2005330084
   19.8412698413        0.6052793892        0.2556288023
   19.8807157058        0.4662566880        0.3472253984
   19.9203187251        0.3529719793        0.4808810494
   19.9600798403        0.2851226824        0.6252307629
   20.0000000000        0.2475947603        0.7573158229
   20.0400801603        0.2257026222        0.8749756455
   20.0803212851        0.2122928249        0.9808669008
   20.1207243461        0.2039655419        1.0775705669
   20.1612903226        0.1989670720        1.1670296605
   20.2020202020        0.1963169257        1.2506655310
   20.2429149798        0.1954316035        1.3295318702
   20.2839756592        0.1959486704        1.4044269617
   20.3252032520        0.1976379384        1.4759685923
   20.3665987780        0.2003536823        1.5446435409
   20.4081632653        0.2040076208        1.6108405096
   20.4498977505        0.2085530754        1.6748721486
   20.4918032787        0.2139754517        1.7369896382
   20.5338809035        0.2202864065        1.7973919002
   20.5761316872        0.2275201216        1.8562306351
   20.6185567010        0.2357305797        1.9136118030
   20.6611570248        0.2449888562        1.9695937837
   20.7039337474        0.2553792914        2.0241822218
   20.7468879668        0.2669929968        2.0773215227
   20.7900207900        0.2799164703        2.1288832427
   20.8333333333        0.2942121608        2.1786524806
   20.8768267223        0.3098868820        2.2263152849
   20.9205020921        0.3268437130        2.2714536216
   20.9643605870        0.3448150742        2.3135599596
   21.0084033613        0.3632819341        2.3520900776
   21.0526315789        0.3813999520        2.3865758060
   21.0970464135        0.3979775614        2.4168089904
   21.1416490486        0.4115710615        2.4430710242
   21.1864406780        0.4207467102        2.4663193366
   21.2314225053        0.4244782976        2.4881934193
   21.2765957447        0.4225240412        2.5107435713
   21.3219616205        0.4155686096        2.5359431373
   21.3675213675        0.4050255078        2.5652097955
   21.4132762313        0.3926077540        2.5991666368
   21.4592274678        0.3798975008        2.6377054736
   21.5053763441        0.3680862271        2.6802386723
   21.5517241379        0.3579132851        2.7259778736
   21.5982721382        0.3497339930        2.7741388362
   21.6450216450        0.3436342916        2.8240505848
   21.6919739696        0.3395386851        2.8751912294
   21.7391304348        0.3372907714        2.9271820329
   21.7864923747        0.3367052314        2.9797639024
   21.8340611354        0.3375976880        3.0327702794
   21.8818380744        0.3397997961        3.0861028185
   21.9298245614        0.3431654221        3.1397119015
   21.9780219780        0.3475718947        3.1935819753
   22.0264317181        0.3529187880        3.2477209387
   22.0750551876        0.3591256565        3.3021526557
   22.1238938053        0.3661294905        3.3569117727
   22.1729490022        0.3738822736        3.4120401865
   22.2222222222        0.3823488142        3.4675846748
   22.2717149220        0.3915049018        3.5235953374
   22.3214285714        0.4013357882        3.5801245962
   22.3713646532        0.4118349647        3.6372265819
   22.4215246637        0.4230031980        3.6949567858
   22.4719101124        0.4348477900        3.7533718930
   22.5225225225        0.4473820262        3.8125297407
   22.5733634312        0.4606247858        3.8724893616
   22.6244343891        0.4746002909        3.9333110862
   22.6757369615        0.4893379755        3.9950566862
   22.7272727273        0.5048724618        4.0577895447
   22.7790432802        0.5212436338        4.1215748474
   22.8310502283        0.5384968015        4.1864797864
   22.8832951945        0.5566829525        4.2525737741
   22.9357798165        0.5758590904        4.3199286635
   22.9885057471        0.5960886612        4.3886189721
   23.0414746544        0.6174420719        4.4587221071
   23.0946882217        0.6399973075        4.5303185896
   23.1481481481        0.6638406557        4.6034922741
   23.2018561485        0.6890675485        4.6783305593
   23.2558139535        0.7157835366        4.7549245853
   23.3100233100        0.7441054115        4.8333694096
   23.3644859813        0.7741624958        4.9137641530
   23.4192037471        0.8060981255        4.9962121035
   23.4741784038        0.8400713508        5.0808207613
   23.5294117647        0.8762588885        5.1677018050
   23.5849056604        0.9148573636        5.2569709508
   23.6406619385        0.9560858833        5.3487476699
   23.6966824645        1.0001889936        5.4431547172
   23.7529691211        1.0474400760        5.5403174103
   23.8095238095        1.0981452500        5.6403625822
   23.8663484487        1.1526478531        5.7434171039
   23.9234449761        1.2113335809        5.8496058460
   23.9808153477        1.2746363710        5.9590489061
   24.0384615385        1.3430451227        6.0718578810
   24.0963855422        1.4171113369        6.1881308931
   24.1545893720        1.4974577500        6.3079459994
   24.2130750605        1.5847880074        6.4313525011
   24.2718446602        1.6798973631        6.5583595362
   24.3309002433        1.7836843006        6.6889211676
   24.3902439024        1.8971628087        6.8229169733
   24.4498777506        2.0214747960        6.9601268970
   24.5098039216        2.1579017354        7.1001988490
   24.5700245700        2.3078740450        7.2426072665
   24.6305418719        2.4729758383        7.3866006158
   24.6913580247        2.6549414328        7.5311357504
   24.7524752475        2.8556382806        7.6747973170
   24.8138957816        3.0770287039        7.8157013495
   24.8756218905        3.3211000267        7.9513843122
   24.9376558603        3.5897496784        8.0786828632
   25.0000000000        3.8846094210        8.1936163953
   25.0626566416        4.2067927059        8.2912948124
   25.1256281407        4.5565542403        8.3658881264
   25.1889168766        4.9328653738        8.4107105129
   25.2525252525        5.3329374142        8.4184838216
   25.3164556962        5.7517690878        8.3818431861
   25.3807106599        6.1818469893        8.2941147913
   25.4452926209        6.6131668711        8.1503202991
   25.5102040816        7.0337320382        7.9482492806
   25.5754475703        7.4305883839        7.6893301009
   25.6410256410        7.7912765062        7.3789924599
   25.7069408740        8.1053879637        7.0263134710
   25.7731958763        8.3658173478        6.6429645332
   25.8397932817        8.5693820612        6.2417246350
   25.9067357513        8.7167070744        5.8349608918
   25.9740259740        8.8115179099        5.4334337178
   26.0416666667        8.8596285369        5.0456114142
   26.1096605744        8.8679128736        4.6774876211
   26.1780104712        8.8434550283        4.3327708417
   26.2467191601        8.7929576164        4.0132792242
   26.3157894737        8.7223998916        3.7193995544
   26.3852242744        8.6368926055        3.4505189865
   26.4550264550        8.5406658366        3.2053847057
   26.5251989390        8.4371342898        2.9823794567
   26.5957446809        8.3289994164        2.7797191628
   26.6666666667        8.2183621268        2.5955865536
   26.7379679144        8.1068311028        2.4282161107
   26.8096514745        7.9956193763        2.2759439870
   26.8817204301        7.8856265687        2.1372338454
   26.9541778976        7.7775068223        2.0106868251
   27.0270270270        7.6717237539        1.8950415122
   27.1002710027        7.5685942602        1.7891679682
   27.1739130435        7.4683230697        1.6920585308
   27.2479564033        7.3710297856        1.6028171453
   27.3224043716        7.2767699292        1.5206483281
   27.3972602740        7.1855512413        1.4448464230
   27.4725274725        7.0973462637        1.3747855175
   27.5482093664        7.0121020170        1.3099102006
   27.6243093923        6.9297474215        1.2497272263
   27.7008310249        6.8501989668        1.1937980772
   27.7777777778        6.7733650269        1.1417323804
   27.8551532033        6.6991491268        1.0931821098
   27.9329608939        6.6274524002        1.0478364998
   28.0112044818        6.5581754239        1.0054175916
   28.0898876404        6.4912195706        0.9656763410
   28.1690140845        6.4264879924        0.9283892182
   28.2485875706        6.3638863202        0.8933552370
   28.3286118980        6.3033231457        0.8603933599
   28.4090909091        6.2447103380        0.8293402293
   28.4900284900        6.1879632335        0.8000481814
   28.5714285714        6.1330007314        0.7723835074
   28.6532951289        6.0797453177        0.7462249269
   28.7356321839        6.0281230371        0.7214622484
   28.8184438040        5.9780634253        0.6979951901
   28.9017341040        5.9294994156        0.6757323416
   28.9855072464        5.8823672254        0.6545902471
   29.0697674419        5.8366062307        0.6344925962
   29.1545189504        5.7921588332        0.6153695068
   29.2397660819        5.7489703237        0.5971568894
   29.3255131965        5.7069887444        0.5797958829
   29.4117647059        5.6661647527        0.5632323525
   29.4985250737        5.6264514874        0.5474164425
   29.5857988166        5.5878044389        0.5323021772
   29.6735905045        5.5501813238        0.5178471039
   29.7619047619        5.5135419646        0.5040119741
   29.8507462687        5.4778481749        0.4907604568
   29.9401197605        5.4430636496        0.4780588817
   30.0300300300        5.4091538613        0.4658760082
   30.1204819277        5.3760859614        0.4541828169
   30.2114803625        5.3438286869        0.4429523224
   30.3030303030        5.3123522727        0.4321594034
   30.3951367781        5.2816283682        0.4217806498
   30.4878048780        5.2516299592        0.4117942238
   30.5810397554        5.2223312940        0.4021797338
   30.6748466258        5.1937078142        0.3929181207
   30.7692307692        5.1657360895        0.3839915535
   30.8641975309        5.1383937556        0.3753833352
   30.9597523220        5.1116594576        0.3670778165
   31.0559006211        5.0855127945        0.3590603172
   31.1526479751        5.0599342689        0.3513170545
   31.2500000000        5.0349052387        0.3438350773
   31.3479623824        5.0104078721        0.3366022062
   31.4465408805        4.9864251050        0.3296069784
   31.5457413249        4.9629406008        0.3228385970
   31.6455696203        4.9399387133        0.3162868851
   31.7460317460        4.9174044510        0.3099422425
   31.8471337580        4.8953234439        0.3037956069
   31.9488817891        4.8736819120        0.2978384176
   32.0512820513        4.8524666359        0.2920625822
   32.1543408360        4.8316649287        0.2864604457
   32.2580645161        4.8112646102        0.2810247624
   32.3624595469        4.7912539815        0.2757486691
   32.4675324675        4.7716218025        0.2706256614
   32.5732899023        4.7523572688        0.2656495705
   32.6797385621        4.7334499919        0.2608145431
   32.7868852459        4.7148899788        0.2561150212
   32.8947368421        4.6966676139        0.2515457247
   33.0033003300        4.6787736412        0.2471016346
   33.1125827815        4.6611991478        0.2427779772
   33.2225913621        4.6439355483        0.2385702099
   33.3333333333        4.6269745696        0.2344740074
   33.4448160535        4.6103082371        0.2304852498
   33.5570469799        4.5939288615        0.2266000099
   33.6700336700        4.5778290258        0.2228145432
   33.7837837838        4.5620015737        0.2191252772
   33.8983050847        4.5464395980        0.2155288018
   34.0136054422        4.5311364299        0.2120218608
   34.1296928328        4.5160856288        0.2086013429
   34.2465753425        4.5012809728        0.2052642745
   34.3642611684        4.4867164491        0.2020078120
   34.4827586207        4.4723862454        0.1988292351
   34.6020761246        4.4582847418        0.1957259402
   34.7222222222        4.4444065027        0.1926954343
   34.8432055749        4.4307462691        0.1897353296
   34.9650349650        4.4172989518        0.1868433378
   35.0877192982        4.4040596243        0.1840172654
   35.2112676056        4.3910235166        0.1812550087
   35.3356890459        4.3781860086        0.1785545493
   35.4609929078        4.3655426246        0.1759139503
   35.5871886121        4.3530890275        0.1733313518
   35.7142857143        4.3408210133        0.1708049678
   35.8422939068        4.3287345064        0.1683330819
   35.9712230216        4.3168255542        0.1659140446
   36.1010830325        4.3050903230        0.1635462701
   36.2318840580        4.2935250931        0.1612282329
   36.3636363636        4.2821262547        0.1589584655
   36.4963503650        4.2708903040        0.1567355554
   36.6300366300        4.2598138389        0.1545581427
   36.7647058824        4.2488935559        0.1524249179
   36.9003690037        4.2381262460        0.1503346193
   37.0370370370        4.2275087916        0.1482860313
   37.1747211896        4.2170381630        0.1462779817
   37.3134328358        4.2067114157        0.1443093408
   37.4531835206        4.1965256871        0.1423790184
   37.5939849624        4.1864781935        0.1404859631
   37.7358490566        4.1765662279        0.1386291600
   37.8787878788        4.1667871568        0.1368076295
   38.0228136882        4.1571384180        0.1350204256
   38.1679389313        4.1476175183        0.1332666347
   38.3141762452        4.1382220307        0.1315453739
   38.4615384615        4.1289495927        0.1298557903
   38.6100386100        4.1197979038        0.1281970592
   38.7596899225        4.1107647239        0.1265683833
   38.9105058366        4.1018478706        0.1249689915
   39.0625000000        4.0930452181        0.1233981378
   39.2156862745        4.0843546948        0.1218551005
   39.3700787402        4.0757742820        0.1203391810
   39.5256916996        4.0673020118        0.1188497030
   39.6825396825        4.0589359658        0.1173860117
   39.8406374502        4.0506742734        0.1159474729
   40.0000000000        4.0425151104        0.1145334720
   40.1606425703        4.0344566973        0.1131434139
   40.3225806452        4.0264972985        0.1117767214
   40.4858299595        4.0186352201        0.1104328352
   40.6504065041        4.0108688095        0.1091112130
   40.8163265306        4.0031964537        0.1078113287
   40.9836065574        3.9956165779        0.1065326723
   41.1522633745        3.9881276448        0.1052747485
   41.3223140496        3.9807281535        0.1040370771
   41.4937759336        3.9734166380        0.1028191918
   41.6666666667        3.9661916665        0.1016206399
   41.8410041841        3.9590518402        0.1004409818
   42.0168067227        3.9519957926        0.9927979073E-01
   42.1940928270        3.9450221884        0.9813665197E-01
   42.3728813559        3.9381297228        0.9701116263E-01
   42.5531914894        3.9313171201        0.9590293122E-01
   42.7350427350        3.9245831337        0.9481157722E-01
   42.9184549356        3.9179265444        0.9373673073E-01
   43.1034482759        3.9113461604        0.9267803209E-01
   43.2900432900        3.9048408161        0.9163513155E-01
   43.4782608696        3.8984093714        0.9060768892E-01
   43.6681222707        3.8920507113        0.8959537327E-01
   43.8596491228        3.8857637447        0.8859786262E-01
   44.0528634361        3.8795474045        0.8761484362E-01
   44.2477876106        3.8734006460        0.8664601129E-01
   44.4444444444        3.8673224471        0.8569106874E-01
   44.6428571429        3.8613118075        0.8474972692E-01
   44.8430493274        3.8553677478        0.8382170434E-01
   45.0450450450        3.8494893092        0.8290672684E-01
   45.2488687783        3.8436755531        0.8200452739E-01
   45.4545454545        3.8379255603        0.8111484580E-01
   45.6621004566        3.8322384306        0.8023742855E-01
   45.8715596330        3.8266132824        0.7937202857E-01
   46.0829493088        3.8210492522        0.7851840504E-01
   46.2962962963        3.8155454938        0.7767632320E-01
   46.5116279070        3.8101011784        0.7684555414E-01
   46.7289719626        3.8047154940        0.7602587466E-01
   46.9483568075        3.7993876445        0.7521706705E-01
   47.1698113208        3.7941168501        0.7441891898E-01
   47.3933649289        3.7889023462        0.7363122327E-01
   47.6190476190        3.7837433835        0.7285377782E-01
   47.8468899522        3.7786392274        0.7208638535E-01
   48.0769230769        3.7735891576        0.7132885337E-01
   48.3091787440        3.7685924679        0.7058099397E-01
   48.5436893204        3.7636484658        0.6984262368E-01
   48.7804878049        3.7587564721        0.6911356339E-01
   49.0196078431        3.7539158207        0.6839363819E-01
   49.2610837438        3.7491258583        0.6768267726E-01
   49.5049504950        3.7443859440        0.6698051372E-01
   49.7512437811        3.7396954489        0.6628698457E-01
   50.0000000000        3.7350537561        0.6560193055E-01
   50.2512562814        3.7304602604        0.6492519604E-01
   50.5050505051        3.7259143677        0.6425662895E-01
   50.7614213198        3.7214154950        0.6359608063E-01
   51.0204081633        3.7169630702        0.6294340577E-01
   51.2820512821        3.7125565317        0.6229846231E-01
   51.5463917526        3.7081953283        0.6166111134E-01
   51.8134715026        3.7038789188        0.6103121705E-01
   52.0833333333        3.6996067718        0.6040864658E-01
   52.3560209424        3.6953783656        0.5979327001E-01
   52.6315789474        3.6911931881        0.5918496023E-01
   52.9100529101        3.6870507363        0.5858359289E-01
   53.1914893617        3.6829505160        0.5798904631E-01
   53.4759358289        3.6788920422        0.5740120143E-01
   53.7634408602        3.6748748382        0.5681994172E-01
   54.0540540541        3.6708984360        0.5624515312E-01
   54.3478260870        3.6669623758        0.5567672398E-01
   54.6448087432        3.6630662057        0.5511454498E-01
   54.9450549451        3.6592094819        0.5455850911E-01
   55.2486187845        3.6553917684        0.5400851155E-01
   55.5555555556        3.6516126366        0.5346444967E-01
   55.8659217877        3.6478716653        0.5292622293E-01
   56.1797752809        3.6441684409        0.5239373287E-01
   56.4971751412        3.6405025565        0.5186688301E-01
   56.8181818182        3.6368736124        0.5134557882E-01
   57.1428571429        3.6332812157        0.5082972770E-01
   57.4712643678        3.6297249803        0.5031923888E-01
   57.8034682081        3.6262045263        0.4981402342E-01
   58.1395348837        3.6227194807        0.4931399411E-01
   58.4795321637        3.6192694763        0.4881906550E-01
   58.8235294118        3.6158541524        0.4832915379E-01
   59.1715976331        3.6124731542        0.4784417683E-01
   59.5238095238        3.6091261329        0.4736405406E-01
   59.8802395210        3.6058127455        0.4688870647E-01
   60.2409638554        3.6025326546        0.4641805658E-01
   60.6060606061        3.5992855284        0.4595202840E-01
   60.9756097561        3.5960710406        0.4549054736E-01
   61.3496932515        3.5928888703        0.4503354033E-01
   61.7283950617        3.5897387018        0.4458093554E-01
   62.1118012422        3.5866202247        0.4413266257E-01
   62.5000000000        3.5835331333        0.4368865231E-01
   62.8930817610        3.5804771273        0.4324883695E-01
   63.2911392405        3.5774519110        0.4281314990E-01
   63.6942675159        3.5744571936        0.4238152583E-01
   64.1025641026        3.5714926890        0.4195390058E-01
   64.5161290323        3.5685581154        0.4153021116E-01
   64.9350649351        3.5656531961        0.4111039572E-01
   65.3594771242        3.5627776582        0.4069439352E-01
   65.7894736842        3.5599312337        0.4028214492E-01
   66.2251655629        3.5571136585        0.3987359133E-01
   66.6666666667        3.5543246728        0.3946867520E-01
   67.1140939597        3.5515640211        0.3906734000E-01
   67.5675675676        3.5488314516        0.3866953018E-01
   68.0272108844        3.5461267167        0.3827519118E-01
   68.4931506849        3.5434495728        0.3788426936E-01
   68.9655172414        3.5407997798        0.3749671203E-01
   69.4444444444        3.5381771018        0.3711246738E-01
   69.9300699301        3.5355813062        0.3673148452E-01
   70.4225352113        3.5330121642        0.3635371340E-01
   70.9219858156        3.5304694507        0.3597910481E-01
   71.4285714286        3.5279529439        0.3560761038E-01
   71.9424460432        3.5254624255        0.3523918256E-01
   72.4637681159        3.5229976808        0.3487377457E-01
   72.9927007299        3.5205584980        0.3451134041E-01
   73.5294117647        3.5181446691        0.3415183485E-01
   74.0740740741        3.5157559889        0.3379521338E-01
   74.6268656716        3.5133922557        0.3344143224E-01
   75.1879699248        3.5110532706        0.3309044834E-01
   75.7575757576        3.5087388379        0.3274221934E-01
   76.3358778626        3.5064487651        0.3239670352E-01
   76.9230769231        3.5041828623        0.3205385986E-01
   77.5193798450        3.5019409429        0.3171364799E-01
   78.1250000000        3.4997228229        0.3137602815E-01
   78.7401574803        3.4975283212        0.3104096124E-01
   79.3650793651        3.4953572595        0.3070840873E-01
   80.0000000000        3.4932094622        0.3037833272E-01
   80.6451612903        3.4910847565        0.3005069586E-01
   81.3008130081        3.4889829721        0.2972546141E-01
   81.9672131148        3.4869039413        0.2940259317E-01
   82.6446280992        3.4848474991        0.2908205548E-01
   83.3333333333        3.4828134830        0.2876381322E-01
   84.0336134454        3.4808017329        0.2844783181E-01
   84.7457627119        3.4788120913        0.2813407717E-01
   85.4700854701        3.4768444028        0.2782251572E-01
   86.2068965517        3.4748985148        0.2751311440E-01
   86.9565217391        3.4729742768        0.2720584059E-01
   87.7192982456        3.4710715405        0.2690066218E-01
   88.4955752212        3.4691901601        0.2659754751E-01
   89.2857142857        3.4673299920        0.2629646537E-01
   90.0900900901        3.4654908947        0.2599738500E-01
   90.9090909091        3.4636727289        0.2570027606E-01
   91.7431192661        3.4618753575        0.2540510866E-01
   92.5925925926        3.4600986455        0.2511185332E-01
   93.4579439252        3.4583424599        0.2482048095E-01
   94.3396226415        3.4566066698        0.2453096289E-01
   95.2380952381        3.4548911464        0.2424327084E-01
   96.1538461538        3.4531957628        0.2395737693E-01
   97.0873786408        3.4515203940        0.2367325361E-01
   98.0392156863        3.4498649172        0.2339087375E-01
   99.0099009901        3.4482292113        0.2311021055E-01
  100.0000000000        3.4466131570        0.2283123757E-01
  101.0101010101        3.4450166371        0.2255392872E-01
  102.0408163265        3.4434395362        0.2227825826E-01
  103.0927835052        3.4418817405        0.2200420076E-01
  104.1666666667        3.4403431381        0.2173173114E-01
  105.2631578947        3.4388236190        0.2146082463E-01
  106.3829787234        3.4373230749        0.2119145677E-01
  107.5268817204        3.4358413989        0.2092360340E-01
  108.6956521739        3.4343784863        0.2065724068E-01
  109.8901098901        3.4329342336        0.2039234505E-01
  111.1111111111        3.4315085394        0.2012889324E-01
  112.3595505618        3.4301013035        0.1986686228E-01
  113.6363636364        3.4287124277        0.1960622944E-01
  114.9425287356        3.4273418150        0.1934697230E-01
  116.2790697674        3.4259893704        0.1908906868E-01
  117.6470588235        3.4246550001        0.1883249667E-01
  119.0476190476        3.4233386121        0.1857723462E-01
  120.4819277108        3.4220401156        0.1832326113E-01
  121.9512195122        3.4207594217        0.1807055503E-01
  123.4567901235        3.4194964426        0.1781909540E-01
  125.0000000000        3.4182510922        0.1756886155E-01
  126.5822784810        3.4170232858        0.1731983303E-01
  128.2051282051        3.4158129401        0.1707198961E-01
  129.8701298701        3.4146199732        0.1682531128E-01
  131.5789473684        3.4134443047        0.1657977824E-01
  133.3333333333        3.4122858555        0.1633537091E-01
  135.1351351351        3.4111445478        0.1609206991E-01
  136.9863013699        3.4100203053        0.1584985608E-01
  138.8888888889        3.4089130529        0.1560871043E-01
  140.8450704225        3.4078227170        0.1536861419E-01
  142.8571428571        3.4067492251        0.1512954877E-01
  144.9275362319        3.4056925062        0.1489149576E-01
  147.0588235294        3.4046524905        0.1465443695E-01
  149.2537313433        3.4036291093        0.1441835429E-01
  151.5151515152        3.4026222955        0.1418322990E-01
  153.8461538462        3.4016319830        0.1394904611E-01
  156.2500000000        3.4006581069        0.1371578536E-01
  158.7301587302        3.3997006038        0.1348343031E-01
  161.2903225806        3.3987594112        0.1325196373E-01
  163.9344262295        3.3978344679        0.1302136858E-01
  166.6666666667        3.3969257141        0.1279162796E-01
  169.4915254237        3.3960330907        0.1256272512E-01
  172.4137931034        3.3951565403        0.1233464346E-01
  175.4385964912        3.3942960064        0.1210736651E-01
  178.5714285714        3.3934514335        0.1188087797E-01
  181.8181818182        3.3926227675        0.1165516164E-01
  185.1851851852        3.3918099553        0.1143020146E-01
  188.6792452830        3.3910129449        0.1120598153E-01
  192.3076923077        3.3902316855        0.1098248604E-01
  196.0784313725        3.3894661273        0.1075969932E-01
  200.0000000000        3.3887162216        0.1053760583E-01
  204.0816326531        3.3879819209        0.1031619013E-01
  208.3333333333        3.3872631786        0.1009543690E-01
  212.7659574468        3.3865599492        0.9875330930E-02
  217.3913043478        3.3858721884        0.9655857136E-02
  222.2222222222        3.3851998528        0.9437000521E-02
  227.2727272727        3.3845429001        0.9218746199E-02
  232.5581395349        3.3839012890        0.9001079386E-02
  238.0952380952        3.3832749793        0.8783985393E-02
  243.9024390244        3.3826639317        0.8567449628E-02
  250.0000000000        3.3820681080        0.8351457593E-02
  256.4102564103        3.3814874710        0.8135994878E-02
  263.1578947368        3.3809219845        0.7921047163E-02
  270.2702702703        3.3803716132        0.7706600211E-02
  277.7777777778        3.3798363229        0.7492639871E-02
  285.7142857143        3.3793160803        0.7279152067E-02
  294.1176470588        3.3788108533        0.7066122806E-02
  303.0303030303        3.3783206103        0.6853538167E-02
  312.5000000000        3.3778453212        0.6641384303E-02
  322.5806451613        3.3773849565        0.6429647437E-02
  333.3333333333        3.3769394878        0.6218313860E-02
  344.8275862069        3.3765088877        0.6007369929E-02
  357.1428571429        3.3760931294        0.5796802066E-02
  370.3703703704        3.3756921876        0.5586596751E-02
  384.6153846154        3.3753060375        0.5376740526E-02
  400.0000000000        3.3749346553        0.5167219987E-02
  416.6666666667        3.3745780184        0.4958021785E-02
  434.7826086957        3.3742361047        0.4749132624E-02
  454.5454545455        3.3739088934        0.4540539259E-02
  476.1904761905        3.3735963644        0.4332228489E-02
  500.0000000000        3.3732984986        0.4124187161E-02
  526.3157894737        3.3730152777        0.3916402166E-02
  555.5555555556        3.3727466846        0.3708860434E-02
  588.2352941176        3.3724927026        0.3501548937E-02
  625.0000000000        3.3722533165        0.3294454680E-02
  666.6666666667        3.3720285115        0.3087564707E-02
  714.2857142857        3.3718182740        0.2880866092E-02
  769.2307692308        3.3716225911        0.2674345940E-02
  833.3333333333        3.3714414510        0.2467991385E-02
  909.0909090909        3.3712748425        0.2261789587E-02
 1000.0000000000        3.3711227557        0.2055727733E-02
 1111.1111111111        3.3709851812        0.1849793027E-02
 1250.0000000000        3.3708621106        0.1643972698E-02
 1428.5714285714        3.3707535365        0.1438253992E-02
 1666.6666666667        3.3706594522        0.1232624170E-02
 2000.0000000000        3.3705798522        0.1027070509E-02
 2500.0000000000        3.3705147314        0.8215802957E-03
 3333.3333333333        3.3704640861        0.6161408291E-03
 5000.0000000000        3.3704279130        0.4107394154E-03
10000.0000000000        3.3704062101        0.2053633669E-03
