1500     wl [mu]                   n                   k
    0.1000000000        1.7890000000        0.0000000042
    0.1004615790        1.7890000000        0.0000000043
    0.1009252886        1.7890000000        0.0000000044
    0.1013911386        1.7890000000        0.0000000044
    0.1018591388        1.7890000000        0.0000000045
    0.1023292992        1.7890000000        0.0000000045
    0.1028016298        1.7890000000        0.0000000046
    0.1032761406        1.7890000000        0.0000000047
    0.1037528416        1.7890000000        0.0000000047
    0.1042317429        1.7890000000        0.0000000048
    0.1047128548        1.7890000000        0.0000000049
    0.1051961874        1.7890000000        0.0000000049
    0.1056817509        1.7890000000        0.0000000050
    0.1061695557        1.7890000000        0.0000000051
    0.1066596121        1.7890000000        0.0000000051
    0.1071519305        1.7890000000        0.0000000052
    0.1076465214        1.7890000000        0.0000000053
    0.1081433951        1.7890000000        0.0000000054
    0.1086425624        1.7890000000        0.0000000054
    0.1091440336        1.7890000000        0.0000000055
    0.1096478196        1.7890000000        0.0000000056
    0.1101539310        1.7890000000        0.0000000057
    0.1106623784        1.7890000000        0.0000000058
    0.1111731727        1.7890000000        0.0000000058
    0.1116863248        1.7890000000        0.0000000059
    0.1122018454        1.7890000000        0.0000000060
    0.1127197456        1.7890000000        0.0000000061
    0.1132400363        1.7890000000        0.0000000062
    0.1137627286        1.7890000000        0.0000000062
    0.1142878335        1.7890000000        0.0000000063
    0.1148153621        1.7890000000        0.0000000064
    0.1153453258        1.7890000000        0.0000000065
    0.1158777356        1.7890000000        0.0000000066
    0.1164126029        1.7890000000        0.0000000067
    0.1169499391        1.7890000000        0.0000000068
    0.1174897555        1.7890000000        0.0000000069
    0.1180320636        1.7890000000        0.0000000070
    0.1185768748        1.7890000000        0.0000000071
    0.1191242008        1.7890000000        0.0000000072
    0.1196740531        1.7890000000        0.0000000073
    0.1202264435        1.7890000000        0.0000000074
    0.1207813835        1.7890000000        0.0000000075
    0.1213388850        1.7890000000        0.0000000076
    0.1218989599        1.7890000000        0.0000000077
    0.1224616199        1.7890000000        0.0000000078
    0.1230268771        1.7890000000        0.0000000079
    0.1235947433        1.7890000000        0.0000000080
    0.1241652308        1.7890000000        0.0000000081
    0.1247383514        1.7890000000        0.0000000082
    0.1253141175        1.7890000000        0.0000000084
    0.1258925412        1.7890000000        0.0000000085
    0.1264736347        1.7890000000        0.0000000086
    0.1270574105        1.7890000000        0.0000000087
    0.1276438809        1.7890000000        0.0000000088
    0.1282330583        1.7890000000        0.0000000089
    0.1288249552        1.7890000000        0.0000000091
    0.1294195841        1.7890000000        0.0000000092
    0.1300169578        1.7890000000        0.0000000093
    0.1306170888        1.7890000000        0.0000000095
    0.1312199899        1.7890000000        0.0000000096
    0.1318256739        1.7890000000        0.0000000097
    0.1324341535        1.7890000000        0.0000000099
    0.1330454418        1.7890000000        0.0000000100
    0.1336595517        1.7890000000        0.0000000101
    0.1342764961        1.7890000000        0.0000000103
    0.1348962883        1.7890000000        0.0000000104
    0.1355189412        1.7890000000        0.0000000106
    0.1361444682        1.7890000000        0.0000000107
    0.1367728826        1.7890000000        0.0000000109
    0.1374041975        1.7890000000        0.0000000110
    0.1380384265        1.7890000000        0.0000000112
    0.1386755829        1.7890000000        0.0000000113
    0.1393156803        1.7890000000        0.0000000115
    0.1399587323        1.7890000000        0.0000000116
    0.1406047524        1.7890000000        0.0000000118
    0.1412537545        1.7890000000        0.0000000120
    0.1419057522        1.7890000000        0.0000000121
    0.1425607594        1.7890000000        0.0000000123
    0.1432187899        1.7890000000        0.0000000125
    0.1438798578        1.7890000000        0.0000000126
    0.1445439771        1.7890000000        0.0000000128
    0.1452111618        1.7890000000        0.0000000130
    0.1458814260        1.7890000000        0.0000000132
    0.1465547841        1.7890000000        0.0000000134
    0.1472312502        1.7890000000        0.0000000135
    0.1479108388        1.7890000000        0.0000000137
    0.1485935642        1.7890000000        0.0000000139
    0.1492794410        1.7890000000        0.0000000141
    0.1499684836        1.7890000000        0.0000000143
    0.1506607066        1.7890000000        0.0000000145
    0.1513561248        1.7890000000        0.0000000147
    0.1520547530        1.7890000000        0.0000000149
    0.1527566058        1.7890000000        0.0000000151
    0.1534616983        1.7890000000        0.0000000153
    0.1541700453        1.7890000000        0.0000000155
    0.1548816619        1.7890000000        0.0000000158
    0.1555965632        1.7890000000        0.0000000160
    0.1563147643        1.7890000000        0.0000000162
    0.1570362804        1.7890000000        0.0000000164
    0.1577611270        1.7890000000        0.0000000167
    0.1584893192        1.7890000000        0.0000000169
    0.1592208727        1.7890000000        0.0000000171
    0.1599558029        1.7890000000        0.0000000174
    0.1606941253        1.7890000000        0.0000000176
    0.1614358557        1.7890000000        0.0000000179
    0.1621810097        1.7890000000        0.0000000181
    0.1629296033        1.7890000000        0.0000000184
    0.1636816521        1.7890000000        0.0000000186
    0.1644371723        1.7890000000        0.0000000189
    0.1651961798        1.7890000000        0.0000000191
    0.1659586907        1.7890000000        0.0000000194
    0.1667247213        1.7890000000        0.0000000197
    0.1674942876        1.7890000000        0.0000000199
    0.1682674061        1.7890000000        0.0000000202
    0.1690440932        1.7890000000        0.0000000205
    0.1698243652        1.7890000000        0.0000000208
    0.1706082389        1.7890000000        0.0000000211
    0.1713957308        1.7890000000        0.0000000214
    0.1721868575        1.7890000000        0.0000000217
    0.1729816359        1.7890000000        0.0000000220
    0.1737800829        1.7890000000        0.0000000223
    0.1745822153        1.7890000000        0.0000000226
    0.1753880502        1.7890000000        0.0000000229
    0.1761976046        1.7890000000        0.0000000232
    0.1770108958        1.7890000000        0.0000000235
    0.1778279410        1.7890000000        0.0000000239
    0.1786487575        1.7890000000        0.0000000242
    0.1794733627        1.7890000000        0.0000000245
    0.1803017741        1.7890000000        0.0000000249
    0.1811340093        1.7890000000        0.0000000252
    0.1819700859        1.7890000000        0.0000000256
    0.1828100216        1.7890000000        0.0000000259
    0.1836538343        1.7890000000        0.0000000263
    0.1845015419        1.7890000000        0.0000000267
    0.1853531623        1.7890000000        0.0000000270
    0.1862087137        1.7890000000        0.0000000274
    0.1870682140        1.7890000000        0.0000000278
    0.1879316817        1.7890000000        0.0000000282
    0.1887991349        1.7890000000        0.0000000286
    0.1896705921        1.7890000000        0.0000000290
    0.1905460718        1.7890000000        0.0000000294
    0.1914255925        1.7890000000        0.0000000298
    0.1923091729        1.7890000000        0.0000000302
    0.1931968317        1.7890000000        0.0000000306
    0.1940885878        1.7890000000        0.0000000310
    0.1949844600        1.7890000000        0.0000000315
    0.1958844674        1.7890000000        0.0000000319
    0.1967886290        1.7890000000        0.0000000323
    0.1976969640        1.7890000000        0.0000000328
    0.1986094917        1.7890000000        0.0000000332
    0.1995262315        1.7890000000        0.0000000337
    0.2004472027        1.7889944899        0.0000000342
    0.2013724250        1.7889831291        0.0000000347
    0.2023019179        1.7889717683        0.0000000351
    0.2032357011        1.7889604076        0.0000000356
    0.2041737945        1.7889490470        0.0000000361
    0.2051162179        1.7889376864        0.0000000366
    0.2060629913        1.7889263259        0.0000000371
    0.2070141349        1.7889149655        0.0000000376
    0.2079696687        1.7889036051        0.0000000382
    0.2089296131        1.7888922449        0.0000000387
    0.2098939884        1.7888808847        0.0000000392
    0.2108628150        1.7888695245        0.0000000398
    0.2118361135        1.7888581645        0.0000000403
    0.2128139046        1.7888468045        0.0000000409
    0.2137962090        1.7888354446        0.0000000415
    0.2147830474        1.7888240847        0.0000000420
    0.2157744409        1.7888127250        0.0000000426
    0.2167704105        1.7888013653        0.0000000432
    0.2177709772        1.7887900056        0.0000000438
    0.2187761624        1.7887786461        0.0000000444
    0.2197859873        1.7887672866        0.0000000451
    0.2208004733        1.7887559272        0.0000000457
    0.2218196420        1.7887445679        0.0000000463
    0.2228435149        1.7887332086        0.0000000470
    0.2238721139        1.7887218494        0.0000000476
    0.2249054606        1.7887104903        0.0000000483
    0.2259435770        1.7886991312        0.0000000490
    0.2269864852        1.7886877723        0.0000000496
    0.2280342072        1.7886764134        0.0000000503
    0.2290867653        1.7886650545        0.0000000510
    0.2301441817        1.7886536958        0.0000000517
    0.2312064790        1.7886423371        0.0000000525
    0.2322736796        1.7886309785        0.0000000532
    0.2333458062        1.7886196199        0.0000000539
    0.2344228815        1.7886082615        0.0000000547
    0.2355049284        1.7885969031        0.0000000554
    0.2365919697        1.7885855447        0.0000000562
    0.2376840287        1.7885741865        0.0000000570
    0.2387811283        1.7885628283        0.0000000578
    0.2398832919        1.7885514702        0.0000000586
    0.2409905429        1.7885401121        0.0000000594
    0.2421029047        1.7885287542        0.0000000602
    0.2432204009        1.7885173963        0.0000000611
    0.2443430553        1.7885060385        0.0000000619
    0.2454708916        1.7884946807        0.0000000628
    0.2466039337        1.7884833230        0.0000000636
    0.2477422058        1.7884719654        0.0000000645
    0.2488857318        1.7884606079        0.0000000654
    0.2500345362        1.7884492504        0.0000000663
    0.2511886432        1.7884378930        0.0000000673
    0.2523480772        1.7884265357        0.0000000682
    0.2535128630        1.7884151785        0.0000000691
    0.2546830253        1.7884038213        0.0000000701
    0.2558585887        1.7883924642        0.0000000711
    0.2570395783        1.7883811072        0.0000000721
    0.2582260191        1.7883697502        0.0000000731
    0.2594179362        1.7883583933        0.0000000741
    0.2606153550        1.7883470365        0.0000000751
    0.2618183008        1.7883356798        0.0000000762
    0.2630267992        1.7883243231        0.0000000772
    0.2642408757        1.7883129665        0.0000000783
    0.2654605562        1.7883016100        0.0000000794
    0.2666858665        1.7882902535        0.0000000805
    0.2679168325        1.7882788972        0.0000000816
    0.2691534804        1.7882675409        0.0000000828
    0.2703958364        1.7882561846        0.0000000839
    0.2716439269        1.7882448285        0.0000000851
    0.2728977783        1.7882334724        0.0000000863
    0.2741574172        1.7882221164        0.0000000875
    0.2754228703        1.7882107604        0.0000000887
    0.2766941645        1.7881994045        0.0000000899
    0.2779713268        1.7881880487        0.0000000912
    0.2792543841        1.7881766930        0.0000000924
    0.2805433638        1.7881653373        0.0000000937
    0.2818382931        1.7881539818        0.0000000950
    0.2831391996        1.7881426262        0.0000000963
    0.2844461107        1.7881312708        0.0000000977
    0.2857590543        1.7881199154        0.0000000990
    0.2870780582        1.7881085601        0.0000001004
    0.2884031503        1.7880972049        0.0000001018
    0.2897343588        1.7880858498        0.0000001032
    0.2910717118        1.7880744947        0.0000001047
    0.2924152378        1.7880631397        0.0000001061
    0.2937649652        1.7880517847        0.0000001076
    0.2951209227        1.7880404299        0.0000001091
    0.2964831390        1.7880290751        0.0000001106
    0.2978516429        1.7880177203        0.0000001122
    0.2992264637        1.7880063657        0.0000001137
    0.3006076303        1.7880000000        0.0000001153
    0.3019951720        1.7880000000        0.0000001169
    0.3033891184        1.7880000000        0.0000001185
    0.3047894990        1.7880000000        0.0000001202
    0.3061963434        1.7880000000        0.0000001219
    0.3076096815        1.7880000000        0.0000001236
    0.3090295433        1.7880000000        0.0000001253
    0.3104559588        1.7880000000        0.0000001270
    0.3118889584        1.7880000000        0.0000001288
    0.3133285724        1.7880000000        0.0000001306
    0.3147748314        1.7880000000        0.0000001324
    0.3162277660        1.7880000000        0.0000001342
    0.3176874071        1.7880000000        0.0000001361
    0.3191537855        1.7880000000        0.0000001380
    0.3206269325        1.7880000000        0.0000001399
    0.3221068791        1.7880000000        0.0000001419
    0.3235936569        1.7880000000        0.0000001439
    0.3250872974        1.7880000000        0.0000001459
    0.3265878322        1.7880000000        0.0000001479
    0.3280952931        1.7880000000        0.0000001500
    0.3296097122        1.7880000000        0.0000001520
    0.3311311215        1.7880000000        0.0000001542
    0.3326595533        1.7880000000        0.0000001563
    0.3341950400        1.7880000000        0.0000001585
    0.3357376142        1.7880000000        0.0000001607
    0.3372873087        1.7880000000        0.0000001629
    0.3388441561        1.7880000000        0.0000001652
    0.3404081897        1.7880000000        0.0000001675
    0.3419794425        1.7880000000        0.0000001698
    0.3435579479        1.7880000000        0.0000001722
    0.3451437393        1.7880000000        0.0000001746
    0.3467368505        1.7880000000        0.0000001770
    0.3483373150        1.7880000000        0.0000001795
    0.3499451670        1.7880000000        0.0000001820
    0.3515604405        1.7880000000        0.0000001845
    0.3531831698        1.7880000000        0.0000001871
    0.3548133892        1.7880000000        0.0000001897
    0.3564511334        1.7880000000        0.0000001923
    0.3580964371        1.7880000000        0.0000001950
    0.3597493352        1.7880000000        0.0000001977
    0.3614098626        1.7880000000        0.0000002005
    0.3630780548        1.7880000000        0.0000002033
    0.3647539469        1.7880000000        0.0000002061
    0.3664375746        1.7880000000        0.0000002090
    0.3681289736        1.7880000000        0.0000002119
    0.3698281798        1.7880000000        0.0000002148
    0.3715352291        1.7880000000        0.0000002178
    0.3732501578        1.7880000000        0.0000002209
    0.3749730022        1.7880000000        0.0000002239
    0.3767037990        1.7880000000        0.0000002271
    0.3784425847        1.7880000000        0.0000002302
    0.3801893963        1.7880000000        0.0000002334
    0.3819442708        1.7880000000        0.0000002367
    0.3837072455        1.7880000000        0.0000002400
    0.3854783577        1.7880000000        0.0000002433
    0.3872576449        1.7880000000        0.0000002467
    0.3890451450        1.7880000000        0.0000002501
    0.3908408958        1.7880000000        0.0000002536
    0.3926449354        1.7880000000        0.0000002572
    0.3944573021        1.7880000000        0.0000002607
    0.3962780343        1.7880000000        0.0000002644
    0.3981071706        1.7880000000        0.0000002681
    0.3999447498        1.7880000000        0.0000002718
    0.4017908108        1.7880000000        0.0000002756
    0.4036453930        1.7880000000        0.0000002794
    0.4055085354        1.7880000000        0.0000002833
    0.4073802778        1.7880000000        0.0000002872
    0.4092606597        1.7880000000        0.0000002913
    0.4111497211        1.7880000000        0.0000002953
    0.4130475020        1.7880000000        0.0000002994
    0.4149540426        1.7880000000        0.0000003036
    0.4168693835        1.7880000000        0.0000003078
    0.4187935651        1.7880000000        0.0000003121
    0.4207266284        1.7880000000        0.0000003165
    0.4226686143        1.7880000000        0.0000003209
    0.4246195639        1.7880000000        0.0000003253
    0.4265795188        1.7880000000        0.0000003299
    0.4285485204        1.7880000000        0.0000003345
    0.4305266105        1.7880000000        0.0000003391
    0.4325138310        1.7880000000        0.0000003438
    0.4345102242        1.7880000000        0.0000003486
    0.4365158322        1.7880000000        0.0000003535
    0.4385306978        1.7880000000        0.0000003584
    0.4405548635        1.7880000000        0.0000003634
    0.4425883724        1.7880000000        0.0000003685
    0.4446312675        1.7880000000        0.0000003736
    0.4466835922        1.7880000000        0.0000003788
    0.4487453899        1.7880000000        0.0000003841
    0.4508167045        1.7880000000        0.0000003894
    0.4528975799        1.7880000000        0.0000003948
    0.4549880602        1.7880000000        0.0000004003
    0.4570881896        1.7880000000        0.0000004059
    0.4591980128        1.7880000000        0.0000004116
    0.4613175746        1.7880000000        0.0000004173
    0.4634469197        1.7880000000        0.0000004231
    0.4655860935        1.7880000000        0.0000004290
    0.4677351413        1.7880000000        0.0000004350
    0.4698941086        1.7880000000        0.0000004411
    0.4720630413        1.7880000000        0.0000004472
    0.4742419853        1.7880000000        0.0000004534
    0.4764309868        1.7880000000        0.0000004597
    0.4786300923        1.7880000000        0.0000004661
    0.4808393484        1.7880000000        0.0000004726
    0.4830588020        1.7880000000        0.0000004792
    0.4852885002        1.7880000000        0.0000004859
    0.4875284901        1.7880000000        0.0000004927
    0.4897788194        1.7880000000        0.0000004995
    0.4920395357        1.7880000000        0.0000005065
    0.4943106870        1.7880000000        0.0000005135
    0.4965923215        1.7880000000        0.0000005207
    0.4988844875        1.7880000000        0.0000005279
    0.5011872336        1.7879869883        0.0000005353
    0.5035006088        1.7879617231        0.0000005428
    0.5058246620        1.7879364583        0.0000005503
    0.5081594426        1.7879111938        0.0000005580
    0.5105050000        1.7878859296        0.0000005658
    0.5128613840        1.7878606659        0.0000005736
    0.5152286446        1.7878354024        0.0000005816
    0.5176068320        1.7878101394        0.0000005897
    0.5199959965        1.7877848766        0.0000005980
    0.5223961890        1.7877596143        0.0000006063
    0.5248074602        1.7877343523        0.0000006147
    0.5272298614        1.7877090907        0.0000006233
    0.5296634439        1.7876838294        0.0000006320
    0.5321082593        1.7876585684        0.0000006408
    0.5345643594        1.7876333079        0.0000006497
    0.5370317964        1.7876080477        0.0000006588
    0.5395106225        1.7875827878        0.0000006680
    0.5420008904        1.7875575283        0.0000006773
    0.5445026528        1.7875322692        0.0000006867
    0.5470159629        1.7875070104        0.0000006963
    0.5495408739        1.7874817520        0.0000007060
    0.5520774393        1.7874564939        0.0000007158
    0.5546257130        1.7874312362        0.0000007258
    0.5571857489        1.7874059788        0.0000007359
    0.5597576015        1.7873807218        0.0000007461
    0.5623413252        1.7873554652        0.0000007565
    0.5649369748        1.7873302089        0.0000007671
    0.5675446054        1.7873049530        0.0000007778
    0.5701642723        1.7872796974        0.0000007886
    0.5727960310        1.7872544422        0.0000007996
    0.5754399373        1.7872291873        0.0000008107
    0.5780960474        1.7872039328        0.0000008220
    0.5807644175        1.7871786787        0.0000008335
    0.5834451043        1.7871534249        0.0000008451
    0.5861381645        1.7871281714        0.0000008569
    0.5888436554        1.7871029184        0.0000008688
    0.5915616342        1.7870776657        0.0000008809
    0.5942921586        1.7870524133        0.0000008932
    0.5970352866        1.7870271613        0.0000009056
    0.5997910763        1.7870019096        0.0000009182
    0.6025595861        1.7870000000        0.0000009310
    0.6053408748        1.7870000000        0.0000009440
    0.6081350013        1.7870000000        0.0000009572
    0.6109420249        1.7870000000        0.0000009705
    0.6137620052        1.7870000000        0.0000009840
    0.6165950019        1.7870000000        0.0000009978
    0.6194410751        1.7870000000        0.0000010117
    0.6223002852        1.7870000000        0.0000010258
    0.6251726928        1.7870000000        0.0000010401
    0.6280583588        1.7870000000        0.0000010546
    0.6309573445        1.7870000000        0.0000010693
    0.6338697113        1.7870000000        0.0000010842
    0.6367955209        1.7870000000        0.0000010993
    0.6397348355        1.7870000000        0.0000011146
    0.6426877173        1.7870000000        0.0000011301
    0.6456542290        1.7870000000        0.0000011459
    0.6486344335        1.7870000000        0.0000011619
    0.6516283941        1.7870000000        0.0000011781
    0.6546361741        1.7870000000        0.0000011945
    0.6576578374        1.7870000000        0.0000012111
    0.6606934480        1.7870000000        0.0000012280
    0.6637430704        1.7870000000        0.0000012451
    0.6668067692        1.7870000000        0.0000012625
    0.6698846094        1.7870000000        0.0000012801
    0.6729766563        1.7870000000        0.0000012979
    0.6760829754        1.7870000000        0.0000013160
    0.6792036326        1.7870000000        0.0000013344
    0.6823386941        1.7870000000        0.0000013530
    0.6854882265        1.7870000000        0.0000013718
    0.6886522963        1.7870000000        0.0000013910
    0.6918309709        1.7870000000        0.0000014103
    0.6950243176        1.7870000000        0.0000014300
    0.6982324041        1.7870000000        0.0000014499
    0.7014552984        1.7869844425        0.0000014702
    0.7046930690        1.7869499460        0.0000014907
    0.7079457844        1.7869154501        0.0000015115
    0.7112135137        1.7868809548        0.0000015326
    0.7144963261        1.7868464602        0.0000015540
    0.7177942913        1.7868119663        0.0000015757
    0.7211074792        1.7867774731        0.0000015977
    0.7244359601        1.7867429805        0.0000016200
    0.7277798045        1.7867084886        0.0000016426
    0.7311390835        1.7866739974        0.0000016656
    0.7345138682        1.7866395068        0.0000016888
    0.7379042301        1.7866050169        0.0000017124
    0.7413102413        1.7865705277        0.0000017363
    0.7447319739        1.7865360391        0.0000017605
    0.7481695005        1.7865015512        0.0000017851
    0.7516228940        1.7864670639        0.0000018100
    0.7550922277        1.7864325774        0.0000018353
    0.7585775750        1.7863980914        0.0000018609
    0.7620790100        1.7863636062        0.0000018869
    0.7655966069        1.7863291216        0.0000019133
    0.7691304403        1.7862946377        0.0000019400
    0.7726805851        1.7862601544        0.0000019671
    0.7762471166        1.7862256719        0.0000019945
    0.7798301105        1.7861911899        0.0000020224
    0.7834296428        1.7861567087        0.0000020506
    0.7870457897        1.7861222281        0.0000020792
    0.7906786280        1.7860877482        0.0000021083
    0.7943282347        1.7860532689        0.0000021377
    0.7979946873        1.7860187903        0.0000021676
    0.8016780634        1.7859822049        0.0000021978
    0.8053784412        1.7859430960        0.0000022286
    0.8090958992        1.7859039880        0.0000022597
    0.8128305162        1.7858648808        0.0000022913
    0.8165823714        1.7858257745        0.0000023233
    0.8203515443        1.7857866690        0.0000023558
    0.8241381150        1.7857475644        0.0000023888
    0.8279421637        1.7857084607        0.0000024221
    0.8317637711        1.7856693578        0.0000024560
    0.8356030182        1.7856302558        0.0000024903
    0.8394599865        1.7855911546        0.0000025252
    0.8433347578        1.7855520542        0.0000025605
    0.8472274141        1.7855129548        0.0000025963
    0.8511380382        1.7854738562        0.0000026325
    0.8550667129        1.7854347584        0.0000026693
    0.8590135215        1.7853956615        0.0000027067
    0.8629785478        1.7853565655        0.0000027445
    0.8669618758        1.7853174703        0.0000027829
    0.8709635900        1.7852783759        0.0000028218
    0.8749837752        1.7852392825        0.0000028612
    0.8790225168        1.7852001898        0.0000029012
    0.8830799004        1.7851610981        0.0000029418
    0.8871560120        1.7851220072        0.0000029829
    0.8912509381        1.7850829171        0.0000030246
    0.8953647655        1.7850438279        0.0000030669
    0.8994975815        1.7850047396        0.0000031098
    0.9036494737        1.7849615808        0.0000031532
    0.9078205302        1.7849178614        0.0000031973
    0.9120108394        1.7848741430        0.0000032421
    0.9162204901        1.7848304257        0.0000032874
    0.9204495718        1.7847867094        0.0000033334
    0.9246981739        1.7847429942        0.0000033800
    0.9289663868        1.7846992801        0.0000034272
    0.9332543008        1.7846555671        0.0000034752
    0.9375620069        1.7846118551        0.0000035238
    0.9418895965        1.7845681442        0.0000035730
    0.9462371614        1.7845244344        0.0000036230
    0.9506047937        1.7844807257        0.0000036737
    0.9549925860        1.7844370180        0.0000037250
    0.9594006315        1.7843933114        0.0000037771
    0.9638290236        1.7843496058        0.0000038300
    0.9682778563        1.7843059013        0.0000038835
    0.9727472238        1.7842621979        0.0000039378
    0.9772372210        1.7842184956        0.0000039929
    0.9817479430        1.7841747943        0.0000040487
    0.9862794856        1.7841310942        0.0000041054
    0.9908319449        1.7840873950        0.0000041628
    0.9954054174        1.7840436970        0.0000042210
    1.0000000000        1.7840000000        0.0000042800
    1.0046157903        1.7839516694        0.0000043399
    1.0092528861        1.7839033401        0.0000044007
    1.0139113857        1.7838550121        0.0000044623
    1.0185913881        1.7838066854        0.0000045248
    1.0232929923        1.7837583601        0.0000045881
    1.0280162981        1.7837100360        0.0000046523
    1.0327614058        1.7836617132        0.0000047175
    1.0375284158        1.7836133918        0.0000047835
    1.0423174294        1.7835650717        0.0000048505
    1.0471285481        1.7835167528        0.0000049184
    1.0519618738        1.7834684353        0.0000049873
    1.0568175092        1.7834201191        0.0000050571
    1.0616955572        1.7833718042        0.0000051279
    1.0665961212        1.7833234906        0.0000051997
    1.0715193052        1.7832751783        0.0000052725
    1.0764652136        1.7832268674        0.0000053463
    1.0814339513        1.7831785577        0.0000054211
    1.0864256236        1.7831302494        0.0000054970
    1.0914403364        1.7830819423        0.0000055740
    1.0964781961        1.7830336366        0.0000056520
    1.1015393095        1.7829839242        0.0000057312
    1.1066237840        1.7829309845        0.0000058115
    1.1117317273        1.7828780464        0.0000058930
    1.1168632478        1.7828251099        0.0000059756
    1.1220184543        1.7827721750        0.0000060594
    1.1271974562        1.7827192416        0.0000061443
    1.1324003632        1.7826663098        0.0000062304
    1.1376272858        1.7826133796        0.0000063178
    1.1428783348        1.7825604510        0.0000064063
    1.1481536215        1.7825075239        0.0000064961
    1.1534532578        1.7824545984        0.0000065872
    1.1587773562        1.7824016744        0.0000066795
    1.1641260294        1.7823487521        0.0000067732
    1.1694993910        1.7822958313        0.0000068681
    1.1748975549        1.7822429120        0.0000069644
    1.1803206357        1.7821899944        0.0000070620
    1.1857687482        1.7821370783        0.0000071610
    1.1912420080        1.7820841638        0.0000072614
    1.1967405313        1.7820312509        0.0000073632
    1.2022644346        1.7819764405        0.0000074665
    1.2078138351        1.7819188921        0.0000075713
    1.2133888505        1.7818613456        0.0000076776
    1.2189895989        1.7818038009        0.0000077855
    1.2246161993        1.7817462581        0.0000078948
    1.2302687708        1.7816887172        0.0000080056
    1.2359474334        1.7816311781        0.0000081180
    1.2416523076        1.7815736409        0.0000082320
    1.2473835142        1.7815161055        0.0000083476
    1.2531411749        1.7814585720        0.0000084648
    1.2589254118        1.7814010404        0.0000085837
    1.2647363475        1.7813435106        0.0000087042
    1.2705741052        1.7812859827        0.0000088264
    1.2764388088        1.7812284566        0.0000089504
    1.2823305827        1.7811709324        0.0000090760
    1.2882495517        1.7811134100        0.0000092035
    1.2941958414        1.7810558895        0.0000093327
    1.3001695780        1.7809982394        0.0000094637
    1.3061708881        1.7809360818        0.0000095966
    1.3121998990        1.7808739263        0.0000097314
    1.3182567386        1.7808117729        0.0000098681
    1.3243415352        1.7807496218        0.0000100066
    1.3304544180        1.7806874728        0.0000101472
    1.3365955165        1.7806253260        0.0000102897
    1.3427649611        1.7805631813        0.0000104341
    1.3489628826        1.7805010388        0.0000105807
    1.3551894124        1.7804388985        0.0000107293
    1.3614446825        1.7803767604        0.0000108799
    1.3677288256        1.7803146244        0.0000110327
    1.3740419750        1.7802524906        0.0000111876
    1.3803842646        1.7801903590        0.0000113448
    1.3867558289        1.7801282295        0.0000115041
    1.3931568029        1.7800661022        0.0000116656
    1.3995873226        1.7800039770        0.0000118294
    1.4060475241        1.7798749833        0.0000119965
    1.4125375446        1.7797414257        0.0000121661
    1.4190575217        1.7796078781        0.0000123380
    1.4256075936        1.7794743405        0.0000125123
    1.4321878993        1.7793408129        0.0000126891
    1.4387985783        1.7792072953        0.0000128684
    1.4454397707        1.7790737878        0.0000130503
    1.4521116176        1.7789402902        0.0000132347
    1.4588142603        1.7788068027        0.0000134217
    1.4655478410        1.7786733252        0.0000136114
    1.4723125024        1.7785398578        0.0000138037
    1.4791083882        1.7784064003        0.0000139988
    1.4859356423        1.7782729528        0.0000141966
    1.4927944096        1.7781395154        0.0000143972
    1.4996848355        1.7780060880        0.0000146006
    1.5066070662        1.7779318827        0.0000148061
    1.5135612484        1.7778605114        0.0000150144
    1.5205475297        1.7777891430        0.0000152257
    1.5275660582        1.7777177774        0.0000154399
    1.5346169828        1.7776464148        0.0000156571
    1.5417004529        1.7775750549        0.0000158774
    1.5488166189        1.7775036980        0.0000161008
    1.5559656316        1.7774323439        0.0000163274
    1.5631476426        1.7773609927        0.0000165571
    1.5703628043        1.7772896443        0.0000167900
    1.5776112697        1.7772182988        0.0000170263
    1.5848931925        1.7771469562        0.0000172658
    1.5922087271        1.7770756164        0.0000175088
    1.5995580286        1.7770042795        0.0000177551
    1.6069412530        1.7768571154        0.0000180062
    1.6143585568        1.7767051244        0.0000182610
    1.6218100974        1.7765531465        0.0000185193
    1.6292960326        1.7764011816        0.0000187813
    1.6368165214        1.7762492297        0.0000190471
    1.6443717232        1.7760972907        0.0000193165
    1.6519617982        1.7759453648        0.0000195898
    1.6595869074        1.7757934519        0.0000198670
    1.6672472126        1.7756415519        0.0000201481
    1.6749428760        1.7754896650        0.0000204331
    1.6826740611        1.7753377910        0.0000207222
    1.6904409316        1.7751859301        0.0000210154
    1.6982436525        1.7750340821        0.0000213127
    1.7060823890        1.7749374994        0.0000216146
    1.7139573075        1.7748569128        0.0000219209
    1.7218685750        1.7747763299        0.0000222315
    1.7298163592        1.7746957507        0.0000225466
    1.7378008287        1.7746151750        0.0000228661
    1.7458221529        1.7745346031        0.0000231901
    1.7538805018        1.7744540348        0.0000235188
    1.7619760464        1.7743734702        0.0000238520
    1.7701089583        1.7742929092        0.0000241900
    1.7782794100        1.7742123519        0.0000245328
    1.7864875749        1.7741317982        0.0000248805
    1.7947336268        1.7740512482        0.0000252331
    1.8030177409        1.7739380018        0.0000255911
    1.8113400926        1.7737675701        0.0000259549
    1.8197008586        1.7735971547        0.0000263240
    1.8281002161        1.7734267557        0.0000266983
    1.8365383433        1.7732563730        0.0000270779
    1.8450154192        1.7730860068        0.0000274629
    1.8535316234        1.7729156569        0.0000278533
    1.8620871367        1.7727453233        0.0000282494
    1.8706821404        1.7725750062        0.0000286510
    1.8793168168        1.7724047054        0.0000290584
    1.8879913491        1.7722344209        0.0000294715
    1.8967059212        1.7720641529        0.0000298906
    1.9054607180        1.7718880372        0.0000303157
    1.9142559250        1.7717083940        0.0000307470
    1.9230917289        1.7715287690        0.0000311843
    1.9319683170        1.7713491622        0.0000316280
    1.9408858776        1.7711695736        0.0000320779
    1.9498445998        1.7709900032        0.0000325342
    1.9588446735        1.7708104511        0.0000329970
    1.9678862897        1.7706309171        0.0000334664
    1.9769696401        1.7704514013        0.0000339425
    1.9860949174        1.7702719038        0.0000344254
    1.9952623150        1.7700924244        0.0000349151
    2.0044720274        1.7699083945        0.0000354123
    2.0137242499        1.7697195331        0.0000359171
    2.0230191787        1.7695306919        0.0000364290
    2.0323570109        1.7693418708        0.0000369483
    2.0417379447        1.7691530698        0.0000374750
    2.0511621788        1.7689642890        0.0000380092
    2.0606299133        1.7687755283        0.0000385510
    2.0701413488        1.7685867878        0.0000391006
    2.0796966871        1.7683980674        0.0000396579
    2.0892961309        1.7682093672        0.0000402233
    2.0989398836        1.7680206871        0.0000407966
    2.1086281499        1.7678236311        0.0000413797
    2.1183611352        1.7676255633        0.0000419713
    2.1281390460        1.7674275177        0.0000425713
    2.1379620895        1.7672294942        0.0000431799
    2.1478304741        1.7670314930        0.0000437972
    2.1577444092        1.7668335139        0.0000444234
    2.1677041048        1.7666355570        0.0000450585
    2.1777097724        1.7664376223        0.0000457026
    2.1877616239        1.7662397098        0.0000463560
    2.1978598728        1.7660418194        0.0000470187
    2.2080047330        1.7658365059        0.0000476927
    2.2181964198        1.7656292213        0.0000483768
    2.2284351493        1.7654219610        0.0000490707
    2.2387211386        1.7652147251        0.0000497746
    2.2490546058        1.7650075134        0.0000504886
    2.2594357702        1.7648003262        0.0000512128
    2.2698648519        1.7645931632        0.0000519474
    2.2803420720        1.7643860246        0.0000526925
    2.2908676528        1.7641789102        0.0000534483
    2.3014418174        1.7639557886        0.0000542152
    2.3120647902        1.7636309348        0.0000549946
    2.3227367964        1.7633061409        0.0000557852
    2.3334580623        1.7629814067        0.0000565872
    2.3442288153        1.7626567324        0.0000574007
    2.3550492839        1.7623321178        0.0000582259
    2.3659196975        1.7620075631        0.0000590629
    2.3768402866        1.7616830681        0.0000599120
    2.3878112829        1.7613586328        0.0000607733
    2.3988329190        1.7610342573        0.0000616470
    2.4099054287        1.7607981053        0.0000625362
    2.4210290467        1.7605723954        0.0000634385
    2.4322040091        1.7603467145        0.0000643539
    2.4434305527        1.7601210624        0.0000652824
    2.4547089157        1.7598954394        0.0000662244
    2.4660393372        1.7596698452        0.0000671799
    2.4774220576        1.7594442799        0.0000681493
    2.4888573183        1.7592187436        0.0000691326
    2.5003453617        1.7589929520        0.0000701302
    2.5118864315        1.7587580015        0.0000711446
    2.5234807725        1.7585230823        0.0000721737
    2.5351286305        1.7582881945        0.0000732176
    2.5468302526        1.7580533381        0.0000742767
    2.5585858869        1.7578185131        0.0000753510
    2.5703957828        1.7575837194        0.0000764409
    2.5822601906        1.7573489571        0.0000775466
    2.5941793621        1.7571142261        0.0000786683
    2.6061535500        1.7568119374        0.0000798076
    2.6181830082        1.7564456344        0.0000809648
    2.6302679919        1.7560794077        0.0000821388
    2.6424087573        1.7557132574        0.0000833299
    2.6546055620        1.7553471834        0.0000845382
    2.6668586645        1.7549811858        0.0000857640
    2.6791683248        1.7546152645        0.0000870076
    2.6915348039        1.7542494194        0.0000882692
    2.7039583641        1.7538790526        0.0000895509
    2.7164392688        1.7534989101        0.0000908548
    2.7289777828        1.7531188500        0.0000921778
    2.7415741719        1.7527388723        0.0000935200
    2.7542287033        1.7523589769        0.0000948817
    2.7669416454        1.7519791639        0.0000962633
    2.7797132678        1.7515994332        0.0000976650
    2.7925438412        1.7512197848        0.0000990871
    2.8054336380        1.7508341235        0.0001005321
    2.8183829313        1.7504401658        0.0001020013
    2.8313919958        1.7500462968        0.0001034919
    2.8444611074        1.7496525165        0.0001050043
    2.8575905434        1.7492588247        0.0001065389
    2.8707805820        1.7488652215        0.0001080958
    2.8840315031        1.7484717069        0.0001096755
    2.8973435877        1.7480782808        0.0001112783
    2.9107171181        1.7476733273        0.0001129065
    2.9241523778        1.7472655825        0.0001145592
    2.9376496520        1.7468579328        0.0001162360
    2.9512092267        1.7464503782        0.0001179373
    2.9648313895        1.7460429187        0.0001196636
    2.9785164294        1.7456355542        0.0001214151
    2.9922646366        1.7452282848        0.0001231923
    3.0060763026        1.7448147273        0.0001249989
    3.0199517204        1.7443931251        0.0001268365
    3.0338911842        1.7439716248        0.0001287011
    3.0478949896        1.7435502263        0.0001305931
    3.0619634337        1.7431289296        0.0001325129
    3.0760968147        1.7427077348        0.0001344609
    3.0902954325        1.7422866417        0.0001364376
    3.1045595881        1.7418610057        0.0001384481
    3.1188895841        1.7414255677        0.0001404987
    3.1332857243        1.7409902386        0.0001425796
    3.1477483141        1.7405550183        0.0001446914
    3.1622776602        1.7401199068        0.0001468345
    3.1768740706        1.7396849041        0.0001490092
    3.1915378551        1.7392500101        0.0001512162
    3.2062693245        1.7388090292        0.0001534592
    3.2210687913        1.7383597802        0.0001557401
    3.2359365693        1.7379106473        0.0001580549
    3.2508729739        1.7374616304        0.0001604041
    3.2658783217        1.7370127295        0.0001627881
    3.2809529311        1.7365639446        0.0001652077
    3.2960971218        1.7361152757        0.0001676631
    3.3113112148        1.7355410472        0.0001701561
    3.3265955329        1.7349235614        0.0001726864
    3.3419504003        1.7343062954        0.0001752543
    3.3573761424        1.7336892489        0.0001778604
    3.3728730866        1.7330724220        0.0001805053
    3.3884415614        1.7324558145        0.0001831895
    3.4040818970        1.7318757223        0.0001859162
    3.4197944251        1.7313988072        0.0001886908
    3.4355794790        1.7309220235        0.0001915068
    3.4514373934        1.7304453710        0.0001943649
    3.4673685045        1.7299688498        0.0001972656
    3.4833731504        1.7294924598        0.0002002096
    3.4994516703        1.7290162011        0.0002031976
    3.5156044053        1.7283677397        0.0002062618
    3.5318316979        1.7277134545        0.0002093733
    3.5481338923        1.7270594170        0.0002125318
    3.5645113343        1.7264056271        0.0002157379
    3.5809643710        1.7257520846        0.0002189924
    3.5974933516        1.7250987896        0.0002222960
    3.6140986264        1.7244288067        0.0002256417
    3.6307805477        1.7237560674        0.0002290364
    3.6475394693        1.7230835905        0.0002324821
    3.6643757465        1.7224113759        0.0002359797
    3.6812897364        1.7217394236        0.0002395299
    3.6982817978        1.7210677335        0.0002431335
    3.7153522910        1.7203783237        0.0002468212
    3.7325015780        1.7196871739        0.0002505681
    3.7497300225        1.7189963017        0.0002543720
    3.7670379898        1.7183057070        0.0002582336
    3.7844258472        1.7176153898        0.0002621538
    3.8018939632        1.7169231803        0.0002661358
    3.8194427084        1.7162133752        0.0002701979
    3.8370724549        1.7155038635        0.0002743220
    3.8547835767        1.7147946451        0.0002785091
    3.8725764492        1.7140857199        0.0002827600
    3.8904514499        1.7133770879        0.0002870759
    3.9084089579        1.7126593503        0.0002914629
    3.9264493540        1.7119312211        0.0002959230
    3.9445730208        1.7112034015        0.0003004514
    3.9627803426        1.7104758914        0.0003050492
    3.9810717055        1.7097486905        0.0003097172
    3.9994474976        1.7090217988        0.0003144567
    4.0179081085        1.7082756825        0.0003193043
    4.0364539297        1.7075292881        0.0003242277
    4.0550853545        1.7067832198        0.0003292270
    4.0738027780        1.7060374775        0.0003343034
    4.0926065973        1.7052920610        0.0003394581
    4.1114972110        1.7044182171        0.0003446958
    4.1304750199        1.7034618816        0.0003500165
    4.1495404263        1.7025060827        0.0003554194
    4.1686938347        1.7015508201        0.0003609056
    4.1879356512        1.7005960935        0.0003664766
    4.2072662838        1.6997058354        0.0003721524
    4.2266861427        1.6989223864        0.0003779482
    4.2461956395        1.6981392985        0.0003838342
    4.2657951880        1.6973565715        0.0003898118
    4.2854852040        1.6965742054        0.0003958826
    4.3052661049        1.6957334356        0.0004020572
    4.3251383104        1.6947308300        0.0004083542
    4.3451022417        1.6937288173        0.0004147499
    4.3651583224        1.6927273970        0.0004212457
    4.3853069777        1.6917265688        0.0004278432
    4.4055486351        1.6907192121        0.0004345550
    4.4258837236        1.6896935687        0.0004414015
    4.4463126747        1.6886685475        0.0004483559
    4.4668359215        1.6876441480        0.0004554198
    4.4874538993        1.6866203700        0.0004625950
    4.5081670454        1.6855869391        0.0004699007
    4.5289757990        1.6845383319        0.0004773488
    4.5498806015        1.6834903770        0.0004849151
    4.5708818961        1.6824430741        0.0004926012
    4.5919801284        1.6813964227        0.0005004092
    4.6131757456        1.6803341705        0.0005083707
    4.6344691974        1.6792626807        0.0005164772
    4.6558609352        1.6781918742        0.0005247130
    4.6773514129        1.6771217505        0.0005330801
    4.6989410861        1.6760523092        0.0005415806
    4.7206304126        1.6747500173        0.0005502653
    4.7424198526        1.6734367332        0.0005590917
    4.7643098681        1.6721244790        0.0005680598
    4.7863009232        1.6708132537        0.0005771716
    4.8083934845        1.6695757579        0.0005864498
    4.8305880204        1.6684580270        0.0005959105
    4.8528850016        1.6673410445        0.0006055238
    4.8752849010        1.6662248097        0.0006152923
    4.8977881937        1.6651093222        0.0006252183
    4.9203953568        1.6637646297        0.0006353738
    4.9431068699        1.6623960502        0.0006457018
    4.9659232145        1.6610285965        0.0006561978
    4.9888448746        1.6596622677        0.0006668644
    5.0118723363        1.6582802663        0.0006777433
    5.0350060879        1.6568836110        0.0006888369
    5.0582466200        1.6554881320        0.0007001121
    5.0815944256        1.6540938282        0.0007115718
    5.1050499998        1.6526936625        0.0007232350
    5.1286138399        1.6512689994        0.0007351484
    5.1522864458        1.6498455645        0.0007472580
    5.1760683195        1.6484233565        0.0007595671
    5.1999599653        1.6470023746        0.0007720789
    5.2239618900        1.6455498349        0.0007849158
    5.2480746025        1.6440985214        0.0007979664
    5.2722986142        1.6426484880        0.0008112339
    5.2966344389        1.6411997334        0.0008247220
    5.3210825927        1.6395107906        0.0008385111
    5.3456435940        1.6377849932        0.0008525431
    5.3703179637        1.6360610124        0.0008668100
    5.3951062252        1.6343388463        0.0008813157
    5.4200089040        1.6327888461        0.0008961510
    5.4450265284        1.6312820402        0.0009112576
    5.4701596289        1.6297766247        0.0009266190
    5.4954087386        1.6282725985        0.0009422393
    5.5207743928        1.6265328801        0.0009583249
    5.5462571296        1.6247425643        0.0009747306
    5.5718574893        1.6229542191        0.0009914172
    5.5975760150        1.6211678424        0.0010083895
    5.6234132519        1.6193471994        0.0010256325
    5.6493697481        1.6175248455        0.0010431682
    5.6754460541        1.6157045425        0.0010610037
    5.7016427228        1.6138671277        0.0010791554
    5.7279603099        1.6117451067        0.0010977895
    5.7543993734        1.6096258758        0.0011167453
    5.7809604741        1.6075094314        0.0011360285
    5.8076441752        1.6054595755        0.0011556843
    5.8344510427        1.6035714296        0.0011757810
    5.8613816451        1.6016855044        0.0011962271
    5.8884365536        1.5998017972        0.0012170288
    5.9156163418        1.5977391387        0.0012382493
    5.9429215862        1.5955448685        0.0012598829
    5.9703528658        1.5933536117        0.0012818944
    5.9979107626        1.5911653643        0.0013042905
    6.0255958607        1.5889358486        0.0013273809
    6.0534087475        1.5867058398        0.0013509053
    6.0813500128        1.5844789607        0.0013748466
    6.1094202491        1.5822390638        0.0013993903
    6.1376200516        1.5799703455        0.0014247319
    6.1659500186        1.5777048802        0.0014505324
    6.1944107508        1.5754426633        0.0014768002
    6.2230028517        1.5731447787        0.0015034657
    6.2517269278        1.5708407831        0.0015305934
    6.2805835881        1.5685401618        0.0015582105
    6.3095734448        1.5661299689        0.0015863763
    6.3386971126        1.5634942675        0.0016151553
    6.3679552091        1.5608630018        0.0016444564
    6.3973483548        1.5582361643        0.0016742891
    6.4268771732        1.5555621655        0.0017052724
    6.4565422903        1.5528876635        0.0017368906
    6.4863443355        1.5502177598        0.0017690950
    6.5162839406        1.5475214518        0.0018020467
    6.5463617407        1.5448038274        0.0018357407
    6.5765783736        1.5420909755        0.0018700647
    6.6069344801        1.5393697960        0.0019050769
    6.6374307040        1.5366091779        0.0019409051
    6.6680676921        1.5338535106        0.0019774071
    6.6988460942        1.5311027851        0.0020145956
    6.7297665628        1.5280009531        0.0020529038
    6.7608297539        1.5248916010        0.0020919571
    6.7920363262        1.5217885761        0.0021317533
    6.8233869414        1.5186422575        0.0021727869
    6.8548822645        1.5154855478        0.0022147774
    6.8865229634        1.5123353999        0.0022575794
    6.9183097092        1.5089680163        0.0023013362
    6.9502431759        1.5054434215        0.0023460371
    6.9823240408        1.5019270594        0.0023916063
    7.0145529842        1.4985316695        0.0024384019
    7.0469306897        1.4952809283        0.0024865366
    7.0794578438        1.4920372389        0.0025356216
    7.1121351365        1.4886525313        0.0025860214
    7.1449632608        1.4850249031        0.0026380217
    7.1779429127        1.4814061150        0.0026910675
    7.2110747918        1.4776580005        0.0027452268
    7.2443596007        1.4736443352        0.0028005713
    7.2777980454        1.4696415721        0.0028570315
    7.3113908348        1.4657352244        0.0029149723
    7.3451386816        1.4620059470        0.0029747707
    7.3790423013        1.4582861580        0.0030357958
    7.4131024130        1.4542800418        0.0030985182
    7.4473197391        1.4498121408        0.0031632656
    7.4816950051        1.4453579663        0.0032293660
    7.5162289402        1.4410348419        0.0032971425
    7.5509222767        1.4368569476        0.0033666820
    7.5857757503        1.4326911660        0.0034376882
    7.6207901003        1.4282734443        0.0035108678
    7.6559660691        1.4236888779        0.0035860786
    7.6913044029        1.4191190274        0.0036629007
    7.7268058510        1.3973978084        0.0083794234
    7.7624711663        1.3705574369        0.0249150490
    7.7983011052        1.3442325989        0.0740814295
    7.8342964277        1.3395126570        0.0793309752
    7.8704578970        1.3358619086        0.0807524710
    7.9067862800        1.3322211100        0.0821994378
    7.9432823472        1.3285902342        0.0836723323
    7.9799468727        1.3249692541        0.0851716188
    8.0167806339        1.3211187515        0.0867294277
    8.0537844120        1.3169935934        0.0883543565
    8.0909589918        1.3128813160        0.0900097293
    8.1283051616        1.3087818790        0.0916961166
    8.1658237136        1.3046952425        0.0934140994
    8.2035154433        1.3005691992        0.0951692672
    8.2413811501        1.2959495962        0.0970070394
    8.2794216371        1.2913464020        0.0988803000
    8.3176377110        1.2867595582        0.1007897343
    8.3560301823        1.2821890069        0.1027360409
    8.3945998652        1.2776346901        0.1047199318
    8.4333475776        1.2725845615        0.1067763147
    8.4722741414        1.2674716426        0.1088787367
    8.5113803820        1.2623792660        0.1110225553
    8.5506671288        1.2573073494        0.1132085856
    8.5901352151        1.2522558103        0.1154376588
    8.6297854777        1.2467484195        0.1178679796
    8.6696187576        1.2411079241        0.1204028494
    8.7096358996        1.2354929472        0.1229922341
    8.7498377523        1.2299033734        0.1256373062
    8.7902251683        1.2243390878        0.1283392632
    8.8307990042        1.2182869528        0.1312250594
    8.8715601204        1.2121023903        0.1342166657
    8.9125093813        1.2059492234        0.1372764733
    8.9536476555        1.1998272927        0.1404060369
    8.9949758153        1.1937364397        0.1436069467
    9.0364947372        1.1868542839        0.1471569338
    9.0782053018        1.1798990485        0.1508337591
    9.1201083936        1.1729845723        0.1546024527
    9.1622049012        1.1661106166        0.1584653099
    9.2044957175        1.1591695449        0.1624491849
    9.2469817394        1.1513705949        0.1667450125
    9.2896638678        1.1436241166        0.1711544396
    9.3325430080        1.1359297570        0.1756804702
    9.3756200693        1.1282871654        0.1803261876
    9.4188959652        1.1201217387        0.1852489244
    9.4623716137        1.1112785903        0.1905110536
    9.5060479366        1.1025052569        0.1959226573
    9.5499258602        1.0938011874        0.2014879816
    9.5940063152        1.0851658348        0.2072113929
    9.6382902362        1.0755625564        0.2138263528
    9.6827785626        1.0658832337        0.2207707426
    9.7274722378        1.0562910181        0.2279406637
    9.7723722096        1.0467851260        0.2353434407
    9.8174794302        1.0367663846        0.2433621361
    9.8627948563        1.0259053077        0.2522704236
    9.9083194489        1.0151580105        0.2615047996
    9.9540541735        1.0045233011        0.2710772006
   10.0000000000        0.9940000000        0.2810000000
   10.0461579028        0.9821409963        0.2925210801
   10.0925288608        0.9704234775        0.3045145278
   10.1391138574        0.9588457556        0.3169997102
   10.1859138805        0.9474061626        0.3299967887
   10.2329299228        0.9358580520        0.3452815248
   10.2801629813        0.9243469608        0.3620642875
   10.3276140576        0.9129774565        0.3796627935
   10.3752841582        0.9017477976        0.3981166931
   10.4231742939        0.8919588320        0.4181996925
   10.4712854805        0.8836555165        0.4401193807
   10.5196187382        0.8754294973        0.4631879763
   10.5681750921        0.8672800546        0.4874656986
   10.6169555720        0.8617430705        0.5124370764
   10.6659612123        0.8610032115        0.5375447609
   10.7151930524        0.8602639878        0.5638826370
   10.7646521363        0.8595253987        0.5915109801
   10.8143395130        0.8609245048        0.6187345215
   10.8642562362        0.8676374913        0.6426885435
   10.9144033645        0.8744028218        0.6675699345
   10.9647819614        0.8812209043        0.6934145970
   11.0153930954        0.8891159983        0.7179083852
   11.0662378398        0.8994552337        0.7377145896
   11.1173172728        0.9099147007        0.7580672227
   11.1686324778        0.9204957974        0.7789813598
   11.2201845430        0.9319673024        0.7987589212
   11.2719745618        0.9447932013        0.8163092488
   11.3240036324        0.9577956124        0.8342451920
   11.3762728582        0.9709769650        0.8525752238
   11.4287833479        0.9853416182        0.8683519168
   11.4815362150        1.0007596125        0.8819406403
   11.5345325782        1.0164188577        0.8957420119
   11.5877735616        1.0323231288        0.9097593593
   11.6412602941        1.0473902003        0.9197582113
   11.6949939102        1.0623501243        0.9285982378
   11.7489755494        1.0775237216        0.9375232279
   11.8032063565        1.0927286007        0.9463674201
   11.8576874817        1.1051527489        0.9526170199
   11.9124200803        1.1177181577        0.9589078907
   11.9674053131        1.1304264331        0.9652403049
   12.0226443462        1.1418352043        0.9711218870
   12.0781383511        1.1512580334        0.9763246555
   12.1338885046        1.1607586230        0.9815552977
   12.1898959892        1.1703376148        0.9868139630
   12.2461619927        1.1799956558        0.9921008015
   12.3026877081        1.1897333985        0.9974159642
   12.3594743344        1.1995515004        1.0027596028
   12.4165230759        1.2094506249        1.0081318698
   12.4738351424        1.2194314403        1.0135329186
   12.5314117494        1.2283637532        1.0186985712
   12.5892541179        1.2364112380        1.0236687926
   12.6473634747        1.2445114449        1.0286632637
   12.7057410521        1.2526647195        1.0336821027
   12.7643880881        1.2608714093        1.0387254287
   12.8233058266        1.2691318642        1.0437933610
   12.8824955169        1.2774464366        1.0488860196
   12.9419584145        1.2858154810        1.0540035253
   13.0016957803        1.2942060230        1.0591323754
   13.0617088813        1.3015009204        1.0638166318
   13.1219989902        1.3088369361        1.0685216055
   13.1825673856        1.3162143018        1.0732473880
   13.2434153519        1.3236332507        1.0779940714
   13.3045441798        1.3310940171        1.0827617480
   13.3659551655        1.3385968366        1.0875505109
   13.4276496114        1.3461419465        1.0923604531
   13.4896288259        1.3537295849        1.0971916684
   13.5518941235        1.3604958221        1.1018457442
   13.6144468247        1.3671219747        1.1064796340
   13.6772882560        1.3737803994        1.1111330118
   13.7404197501        1.3804712531        1.1158059598
   13.8038426460        1.3871946940        1.1204985601
   13.8675582887        1.3939508807        1.1252108956
   13.9315680295        1.4007399727        1.1299430491
   13.9958732257        1.4075621303        1.1346951040
   14.0604752413        1.4136903351        1.1399581054
   14.1253754462        1.4197952814        1.1452792614
   14.1905752169        1.4259265916        1.1506252558
   14.2560759360        1.4320843796        1.1559962046
   14.3218789927        1.4382687596        1.1613922241
   14.3879857826        1.4444798466        1.1668134315
   14.4543977075        1.4507177558        1.1722599442
   14.5211161759        1.4571117340        1.1781449954
   14.5881426028        1.4638146776        1.1849587945
   14.6554784096        1.4705484559        1.1918120013
   14.7231250243        1.4773132105        1.1987048435
   14.7910838817        1.4841090841        1.2056375505
   14.8593564229        1.4909362198        1.2126103527
   14.9279440958        1.4977947614        1.2196234822
   14.9968483550        1.5046848533        1.2266771721
   15.0660706619        1.5131657313        1.2337159348
   15.1356124844        1.5217694128        1.2407924072
   15.2054752973        1.5304220137        1.2479094695
   15.2756605824        1.5391238123        1.2550673546
   15.3461698280        1.5478750883        1.2622662965
   15.4170045295        1.5566761230        1.2695065309
   15.4881661891        1.5655271993        1.2767882946
   15.5596563161        1.5754242168        1.2832448815
   15.6314764264        1.5855830806        1.2895609480
   15.7036280433        1.5958074522        1.2959081018
   15.7761126970        1.6060977539        1.3022864960
   15.8489319246        1.6164544109        1.3086962843
   15.9220872705        1.6268778511        1.3151376213
   15.9955802861        1.6373685052        1.3216106622
   16.0694125301        1.6486195986        1.3267310302
   16.1435855683        1.6599925310        1.3317825821
   16.2181009736        1.6714439191        1.3368533679
   16.2929603264        1.6829743042        1.3419434609
   16.3681652143        1.6945842311        1.3470529344
   16.4437172321        1.7062742486        1.3521818624
   16.5196179823        1.7181150945        1.3570254907
   16.5958690744        1.7302413493        1.3610071634
   16.6724721255        1.7424531898        1.3650005188
   16.7494287603        1.7547512200        1.3690055911
   16.8267406107        1.7671360483        1.3730224149
   16.9044093164        1.7796082873        1.3770510244
   16.9824365246        1.7921685538        1.3810914544
   17.0608238900        1.8049063045        1.3839613911
   17.1395730751        1.8177604830        1.3864945678
   17.2186857499        1.8307062063        1.3890323812
   17.2981635922        1.8437441264        1.3915748397
   17.3780082875        1.8568748999        1.3941219519
   17.4582215292        1.8700991882        1.3966737263
   17.5388050184        1.8835477317        1.3983140918
   17.6197604641        1.8972343724        1.3989673483
   17.7010895832        1.9110204659        1.3996209100
   17.7827941004        1.9249067349        1.4002747770
   17.8648757485        1.9388939073        1.4009289494
   17.9473362683        1.9529827163        1.4015834275
   18.0301774086        1.9669175366        1.4013865633
   18.1134009262        1.9805002436        1.3997015104
   18.1970085861        1.9941767471        1.3980184836
   18.2810021614        2.0079476948        1.3963374805
   18.3653834335        2.0218137389        1.3946584987
   18.4501541918        2.0357755361        1.3929815357
   18.5353162341        2.0492051432        1.3903424143
   18.6208713666        2.0618285418        1.3863480299
   18.7068214037        2.0745297025        1.3823651212
   18.7931681680        2.0873091041        1.3783936552
   18.8799134910        2.1001672286        1.3744335990
   18.9670592121        2.1131045611        1.3704849198
   19.0546071796        2.1249778732        1.3653142533
   19.1425592502        2.1362227983        1.3594207462
   19.2309172891        2.1475272290        1.3535526791
   19.3196831702        2.1588914804        1.3477099420
   19.4088587759        2.1703158689        1.3418924256
   19.4984459976        2.1818007129        1.3361000211
   19.5884467351        2.1915556817        1.3291268960
   19.6788628971        2.2013226036        1.3221690510
   19.7696964011        2.2111330529        1.3152476295
   19.8609491736        2.2209872236        1.3083624410
   19.9526231497        2.2308853105        1.3015132958
   20.0447202737        2.2388013543        1.2943227453
   20.1372424986        2.2445883999        1.2867736616
   20.2301917868        2.2503904043        1.2792686076
   20.3235701094        2.2562074063        1.2718073266
   20.4173794467        2.2620394445        1.2643895632
   20.5116217883        2.2678865579        1.2570150635
   20.6062991327        2.2737487855        1.2496835753
   20.7014134879        2.2796261662        1.2423948477
   20.7969668710        2.2855187393        1.2351486314
   20.8929613085        2.2914265439        1.2279446782
   20.9893988362        2.2973496196        1.2207827419
   21.0862814993        2.2997558228        1.2150497580
   21.1836113525        2.3017294756        1.2095138359
   21.2813904598        2.3037048222        1.2040031362
   21.3796208950        2.3056818640        1.1985175440
   21.4783047413        2.3076606026        1.1930569448
   21.5774440915        2.3096410393        1.1876212248
   21.6770410482        2.3116231756        1.1822102707
   21.7770977235        2.3136070130        1.1768239695
   21.8776162395        2.3155925529        1.1714622090
   21.9785987278        2.3175797968        1.1661248774
   22.0800473302        2.3184081187        1.1631867235
   22.1819641980        2.3189257061        1.1608915932
   22.2843514927        2.3194434090        1.1586009915
   22.3872113857        2.3199612275        1.1563149095
   22.4905460584        2.3204791616        1.1540333382
   22.5943577022        2.3209972113        1.1517562689
   22.6986485188        2.3215153767        1.1494836924
   22.8034207200        2.3220336578        1.1472156001
   22.9086765277        2.3225520545        1.1449519831
   23.0144181741        2.3231322707        1.1430881210
   23.1206479018        2.3241044943        1.1437358873
   23.2273679636        2.3250771247        1.1443840207
   23.3345806228        2.3260501623        1.1450325214
   23.4422881532        2.3270236070        1.1456813895
   23.5504928390        2.3279974591        1.1463306254
   23.6591969749        2.3289717188        1.1469802292
   23.7684028662        2.3299463861        1.1476302011
   23.8781128291        2.3309214614        1.1482805413
   23.9883291902        2.3318969448        1.1489312501
   24.0990542869        2.3343103782        1.1512008298
   24.2102904674        2.3368963089        1.1536665566
   24.3220400907        2.3394851042        1.1561375647
   24.4343055269        2.3420767673        1.1586138654
   24.5470891569        2.3446713015        1.1610954700
   24.6603933723        2.3472687099        1.1635823898
   24.7742205763        2.3498689957        1.1660746364
   24.8885731828        2.3524721621        1.1685722210
   25.0034536170        2.3551569998        1.1710905736
   25.1188643151        2.3603970772        1.1741141421
   25.2348077248        2.3656488136        1.1771455170
   25.3512863050        2.3709122346        1.1801847185
   25.4683025259        2.3761873665        1.1832317667
   25.5858588691        2.3814742353        1.1862866818
   25.7039578277        2.3867728669        1.1893494843
   25.8226019063        2.3920832877        1.1924201944
   25.9417936212        2.3974055239        1.1954988326
   26.0615355000        2.4036536871        1.1982430411
   26.1818300822        2.4107873409        1.2006682924
   26.3026799190        2.4179421661        1.2030984523
   26.4240875732        2.4251182258        1.2055335309
   26.5460556198        2.4323155828        1.2079735381
   26.6685866452        2.4395343004        1.2104184839
   26.7916832482        2.4467744419        1.2128683782
   26.9153480393        2.4540360711        1.2153232312
   27.0395836411        2.4617427530        1.2172411263
   27.1643926884        2.4703845047        1.2179994151
   27.2897778281        2.4790565926        1.2187581763
   27.4157417193        2.4877591231        1.2195174102
   27.5422870334        2.4964922031        1.2202771171
   27.6694164541        2.5052559400        1.2210372972
   27.7971326776        2.5140504412        1.2217979509
   27.9254384124        2.5228758149        1.2225590785
   28.0543363795        2.5318176238        1.2225010366
   28.1838293126        2.5409090793        1.2213166221
   28.3139199580        2.5500331812        1.2201333552
   28.4446110745        2.5591900466        1.2189512346
   28.5759054337        2.5683797932        1.2177702594
   28.7078058202        2.5776025391        1.2165904283
   28.8403150313        2.5868584028        1.2154117403
   28.9734358770        2.5961475032        1.2142341943
   29.1071711807        2.6051012871        1.2116972336
   29.2415237784        2.6139940515        1.2088285026
   29.3764965196        2.6229171722        1.2059665633
   29.5120922667        2.6318707528        1.2031113998
   29.6483138952        2.6408548974        1.2002629960
   29.7851642943        2.6498697102        1.1974213359
   29.9226463661        2.6589152959        1.1945864035
   30.0607630263        2.6673212069        1.1909063670
   30.1995172040        2.6748956264        1.1861550032
   30.3389118419        2.6824915551        1.1814225959
   30.4789498963        2.6901090540        1.1767090696
   30.6196343369        2.6977481843        1.1720143488
   30.7609681474        2.7054090076        1.1673383586
   30.9029543251        2.7130915855        1.1626810242
   31.0455958813        2.7207959796        1.1580422712
   31.1888958409        2.7285222519        1.1534220254
   31.3328572432        2.7362704646        1.1488202130
   31.4774831410        2.7440406801        1.1442367605
   31.6227766017        2.7518329606        1.1396715947
   31.7687407065        2.7596473690        1.1351246425
   31.9153785510        2.7674839681        1.1305958312
   32.0626932451        2.7742957725        1.1254280973
   32.2106879128        2.7797049549        1.1193998229
   32.3593656930        2.7851246839        1.1134038384
   32.5087297385        2.7905549800        1.1074399710
   32.6587832172        2.7959958639        1.1015080486
   32.8095293113        2.8014473561        1.0956079002
   32.9609712177        2.8069094773        1.0897393555
   33.1131121483        2.8123822483        1.0839022452
   33.2659553294        2.8178656899        1.0780964009
   33.4195040026        2.8233598228        1.0723216553
   33.5737614243        2.8288646678        1.0665778416
   33.7287308659        2.8343802460        1.0608647943
   33.8844156139        2.8399065781        1.0551823485
   34.0408189701        2.8449787028        1.0494130059
   34.1979442514        2.8487382496        1.0433440857
   34.3557947900        2.8525027644        1.0373102630
   34.5143739336        2.8562722539        1.0313113348
   34.6736850453        2.8600467247        1.0253470994
   34.8337315036        2.8638261833        1.0194173561
   34.9945167028        2.8676106363        1.0135219055
   35.1560440528        2.8714000904        1.0076605491
   35.3183169792        2.8751945521        1.0018330899
   35.4813389234        2.8789940281        0.9960393318
   35.6451133426        2.8827985249        0.9902790799
   35.8096437103        2.8866080493        0.9845521405
   35.9749335156        2.8904226079        0.9788583209
   36.1409862640        2.8930151431        0.9733035945
   36.3078054770        2.8953911948        0.9677992025
   36.4753946926        2.8977691979        0.9623259398
   36.6437574648        2.9001491541        0.9568836305
   36.8128973643        2.9025310650        0.9514720994
   36.9828179780        2.9049149322        0.9460911725
   37.1535229097        2.9073007572        0.9407406768
   37.3250157796        2.9096885418        0.9354204401
   37.4973002245        2.9120782874        0.9301302913
   37.6703798984        2.9144699957        0.9248700603
   37.8442584717        2.9168636684        0.9196395778
   38.0189396321        2.9191839826        0.9144594615
   38.1944270840        2.9208848990        0.9094788938
   38.3707245492        2.9225868063        0.9045254525
   38.5478357666        2.9242897054        0.8995989899
   38.7257644922        2.9259935966        0.8946993591
   38.9045144994        2.9276984807        0.8898264140
   39.0840895792        2.9294043582        0.8849800091
   39.2644935400        2.9311112296        0.8801600001
   39.4457302075        2.9328190955        0.8753662430
   39.6278034255        2.9345279566        0.8705985949
   39.8107170553        2.9362378134        0.8658569136
   39.9944749761        2.9379486664        0.8611410578
   40.1790810849        2.9386429536        0.8570632028
   40.3645392968        2.9393059366        0.8530235103
   40.5508535448        2.9399690692        0.8490028585
   40.7380277804        2.9406323515        0.8450011577
   40.9260659730        2.9412957834        0.8410183186
   41.1149721105        2.9419593649        0.8370542522
   41.3047501990        2.9426230962        0.8331088701
   41.4954042634        2.9432869772        0.8291820843
   41.6869383470        2.9439510080        0.8252738069
   41.8793565118        2.9446151886        0.8213839510
   42.0726628384        2.9452795190        0.8175124295
   42.2668614266        2.9459439994        0.8136591560
   42.4619563946        2.9466086296        0.8098240447
   42.6579518802        2.9472734098        0.8060070098
   42.8548520397        2.9479383399        0.8022079662
   43.0526610492        2.9486034201        0.7984268290
   43.2513831035        2.9492686503        0.7946635139
   43.4510224172        2.9499340306        0.7909179369
   43.6515832240        2.9505995611        0.7871900143
   43.8530697775        2.9512652416        0.7834796629
   44.0554863507        2.9519310724        0.7797868000
   44.2588372363        2.9525970534        0.7761113430
   44.4631267469        2.9532631846        0.7724532100
   44.6683592151        2.9539294661        0.7688123193
   44.8745389933        2.9545958979        0.7651885896
   45.0816704541        2.9548966369        0.7618504756
   45.2897579904        2.9546341389        0.7589387761
   45.4988060150        2.9543716644        0.7560382048
   45.7088189615        2.9541092131        0.7531487192
   45.9198012837        2.9538467851        0.7502702768
   46.1317574560        2.9535843805        0.7474028354
   46.3446919736        2.9533219992        0.7445463530
   46.5586093523        2.9530596411        0.7417007878
   46.7735141287        2.9527973064        0.7388660980
   46.9894108605        2.9525349950        0.7360422420
   47.2063041264        2.9522727069        0.7332291785
   47.4241985260        2.9520104421        0.7304268661
   47.6430986805        2.9517482006        0.7276352638
   47.8630092323        2.9514859823        0.7248543307
   48.0839348450        2.9512237874        0.7220840260
   48.3058802040        2.9509616158        0.7193243091
   48.5288500162        2.9506994674        0.7165751394
   48.7528490103        2.9504373424        0.7138364768
   48.9778819368        2.9501752406        0.7111082809
   49.2039535681        2.9499131621        0.7083905119
   49.4310686987        2.9496511069        0.7056831299
   49.6592321450        2.9493890750        0.7029860952
   49.8884487460        2.9491270664        0.7002993682
   50.1187233627        2.9488957958        0.6983952064
   50.3500608788        2.9486934673        0.6972223390
   50.5824662003        2.9484911526        0.6960514412
   50.8159442561        2.9482888519        0.6948825099
   51.0504999975        2.9480865650        0.6937155417
   51.2861383991        2.9478842919        0.6925505332
   51.5228644582        2.9476820328        0.6913874812
   51.7606831951        2.9474797875        0.6902263824
   51.9995996534        2.9472775562        0.6890672335
   52.2396188999        2.9470753386        0.6879100313
   52.4807460250        2.9468731350        0.6867547724
   52.7229861423        2.9466709453        0.6856014537
   52.9663443892        2.9464687694        0.6844500718
   53.2108259267        2.9462666073        0.6833006235
   53.4564359397        2.9460644592        0.6821531056
   53.7031796370        2.9458623249        0.6810075147
   53.9510622515        2.9456602045        0.6798638478
   54.2000890402        2.9454580980        0.6787221015
   54.4502652842        2.9452560053        0.6775822726
   54.7015962894        2.9450539265        0.6764443579
   54.9540873858        2.9448518616        0.6753083543
   55.2077439281        2.9446498105        0.6741742583
   55.4625712958        2.9444477733        0.6730420670
   55.7185748932        2.9442457499        0.6719117770
   55.9757601495        2.9440437404        0.6707833852
   56.2341325190        2.9438417448        0.6696568884
   56.4936974812        2.9436397630        0.6685322835
   56.7544605409        2.9434377951        0.6674095671
   57.0164272281        2.9432358410        0.6662887362
   57.2796030986        2.9430339008        0.6651697876
   57.5439937337        2.9428319745        0.6640527182
   57.8096047406        2.9426300620        0.6629375247
   58.0764417521        2.9424281634        0.6618242040
   58.3445104274        2.9422262786        0.6607127531
   58.6138164514        2.9420244077        0.6596031686
   58.8843655356        2.9418225506        0.6584954476
   59.1561634175        2.9416207073        0.6573895869
   59.4292158616        2.9414188780        0.6562855833
   59.7035286584        2.9412170624        0.6551834337
   59.9791076256        2.9410152607        0.6540831351
   60.2559586074        2.9411930831        0.6544905402
   60.5340874754        2.9414019771        0.6550216268
   60.8135001279        2.9416108859        0.6555531445
   61.0942024906        2.9418198095        0.6560850934
   61.3762005165        2.9420287480        0.6566174740
   61.6595001861        2.9422377013        0.6571502866
   61.9441075077        2.9424466694        0.6576835315
   62.2300285169        2.9426556524        0.6582172092
   62.5172692776        2.9428646503        0.6587513199
   62.8058358813        2.9430736630        0.6592858640
   63.0957344480        2.9432826905        0.6598208418
   63.3869711257        2.9434917329        0.6603562538
   63.6795520908        2.9437007901        0.6608921002
   63.9734835483        2.9439098621        0.6614283814
   64.2687717317        2.9441189491        0.6619650978
   64.5654229035        2.9443280508        0.6625022497
   64.8634433548        2.9445371674        0.6630398375
   65.1628394061        2.9447462989        0.6635778616
   65.4636174067        2.9449554452        0.6641163221
   65.7657837355        2.9451646064        0.6646552197
   66.0693448008        2.9453737824        0.6651945545
   66.3743070402        2.9455829733        0.6657343270
   66.6806769214        2.9457921791        0.6662745374
   66.9884609417        2.9460013997        0.6668151862
   67.2976656284        2.9462106351        0.6673562738
   67.6082975392        2.9464198855        0.6678978004
   67.9203632617        2.9466291507        0.6684397664
   68.2338694142        2.9468384307        0.6689821722
   68.5488226453        2.9470477256        0.6695250181
   68.8652296344        2.9472570354        0.6700683045
   69.1830970919        2.9474663600        0.6706120318
   69.5024317589        2.9476756996        0.6711562003
   69.8232404077        2.9478850539        0.6717008103
   70.1455298420        2.9486026589        0.6724863913
   70.4693068967        2.9499394302        0.6735661684
   70.7945784384        2.9512768076        0.6746476792
   71.1213513653        2.9526147912        0.6757309265
   71.4496326076        2.9539533815        0.6768159131
   71.7794291271        2.9552925786        0.6779026418
   72.1107479183        2.9566323828        0.6789911154
   72.4435960075        2.9579727944        0.6800813368
   72.7779804537        2.9593138138        0.6811733086
   73.1139083483        2.9606554411        0.6822670338
   73.4513868157        2.9619976766        0.6833625151
   73.7904230129        2.9633405206        0.6844597554
   74.1310241301        2.9646839735        0.6855587575
   74.4731973906        2.9660280354        0.6866595241
   74.8169500511        2.9673727066        0.6877620582
   75.1622894018        2.9687179875        0.6888663626
   75.5092227665        2.9700638782        0.6899724402
   75.8577575029        2.9714103791        0.6910802936
   76.2079010025        2.9727574905        0.6921899260
   76.5596606911        2.9741052126        0.6933013400
   76.9130440287        2.9754535456        0.6944145385
   77.2680585096        2.9768024900        0.6955295244
   77.6247116629        2.9781520459        0.6966463007
   77.9830110523        2.9795022137        0.6977648700
   78.3429642766        2.9808529935        0.6988852354
   78.7045789695        2.9822043858        0.7000073997
   79.0678628000        2.9835563907        0.7011313659
   79.4328234724        2.9849090085        0.7022571367
   79.7994687268        2.9862622396        0.7033847151
   80.1678063388        2.9879871899        0.7044199732
   80.5378441199        2.9901579538        0.7053438587
   80.9095899178        2.9923302947        0.7062689559
   81.2830516164        2.9945042138        0.7071952664
   81.6582371359        2.9966797122        0.7081227918
   82.0351544330        2.9988567911        0.7090515337
   82.4138115013        3.0010354517        0.7099814937
   82.7942163712        3.0032156950        0.7109126734
   83.1763771103        3.0053975223        0.7118450744
   83.5603018231        3.0075809347        0.7127786983
   83.9459986519        3.0097659334        0.7137135467
   84.3334757764        3.0119525194        0.7146496212
   84.7227414141        3.0141406940        0.7155869234
   85.1138038202        3.0163304583        0.7165254550
   85.5066712885        3.0185218134        0.7174652174
   85.9013521505        3.0207147605        0.7184062124
   86.2978547767        3.0229093009        0.7193484416
   86.6961875758        3.0251054355        0.7202919066
   87.0963589956        3.0273031656        0.7212366090
   87.4983775227        3.0295024924        0.7221825504
   87.9022516831        3.0317034170        0.7231297325
   88.3079900419        3.0339059405        0.7240781568
   88.7156012038        3.0361100642        0.7250278250
   89.1250938134        3.0383157892        0.7259787388
   89.5364765550        3.0405231166        0.7269308998
   89.9497581530        3.0427320476        0.7278843096
   90.3649473722        3.0452829589        0.7285328131
   90.7820530178        3.0478830184        0.7291396214
   91.2010839356        3.0504852977        0.7297469352
   91.6220490122        3.0530897988        0.7303547548
   92.0449571753        3.0556965237        0.7309630807
   92.4698173938        3.0583054742        0.7315719132
   92.8966386780        3.0609166522        0.7321812529
   93.3254300797        3.0635300597        0.7327911001
   93.7562006926        3.0661456984        0.7334014553
   94.1889596523        3.0687635704        0.7340123188
   94.6237161366        3.0713836776        0.7346236911
   95.0604793656        3.0740060217        0.7352355727
   95.4992586021        3.0766306049        0.7358479639
   95.9400631516        3.0792574288        0.7364608651
   96.3829023624        3.0818864956        0.7370742769
   96.8277856261        3.0845178071        0.7376881996
   97.2747223777        3.0871513652        0.7383026336
   97.7237220956        3.0897871718        0.7389175794
   98.1747943020        3.0924252288        0.7395330374
   98.6279485631        3.0950655383        0.7401490081
   99.0831944893        3.0977081020        0.7407654918
   99.5405417352        3.1003529219        0.7413824889
