1500     wl [mu]                   n                   k
    1.0000000000        3.3704062101        0.2053633669E-03
    2.0000000000        3.3704279130        0.4107394154E-03
    3.0000000000        3.3704640861        0.6161408291E-03
    4.0000000000        3.3705147314        0.8215802957E-03
    5.0000000000        3.3705798522        0.1027070509E-02
    6.0000000000        3.3706594522        0.1232624170E-02
    7.0000000000        3.3707535365        0.1438253992E-02
    8.0000000000        3.3708621106        0.1643972698E-02
    9.0000000000        3.3709851812        0.1849793027E-02
   10.0000000000        3.3711227557        0.2055727733E-02
   11.0000000000        3.3712748425        0.2261789587E-02
   12.0000000000        3.3714414510        0.2467991385E-02
   13.0000000000        3.3716225911        0.2674345940E-02
   14.0000000000        3.3718182740        0.2880866092E-02
   15.0000000000        3.3720285115        0.3087564707E-02
   16.0000000000        3.3722533165        0.3294454680E-02
   17.0000000000        3.3724927026        0.3501548937E-02
   18.0000000000        3.3727466846        0.3708860434E-02
   19.0000000000        3.3730152777        0.3916402166E-02
   20.0000000000        3.3732984986        0.4124187161E-02
   21.0000000000        3.3735963644        0.4332228489E-02
   22.0000000000        3.3739088934        0.4540539259E-02
   23.0000000000        3.3742361047        0.4749132624E-02
   24.0000000000        3.3745780184        0.4958021785E-02
   25.0000000000        3.3749346553        0.5167219987E-02
   26.0000000000        3.3753060375        0.5376740526E-02
   27.0000000000        3.3756921876        0.5586596751E-02
   28.0000000000        3.3760931294        0.5796802066E-02
   29.0000000000        3.3765088877        0.6007369929E-02
   30.0000000000        3.3769394878        0.6218313860E-02
   31.0000000000        3.3773849565        0.6429647437E-02
   32.0000000000        3.3778453212        0.6641384303E-02
   33.0000000000        3.3783206103        0.6853538167E-02
   34.0000000000        3.3788108533        0.7066122806E-02
   35.0000000000        3.3793160803        0.7279152067E-02
   36.0000000000        3.3798363229        0.7492639871E-02
   37.0000000000        3.3803716132        0.7706600211E-02
   38.0000000000        3.3809219845        0.7921047163E-02
   39.0000000000        3.3814874710        0.8135994878E-02
   40.0000000000        3.3820681080        0.8351457593E-02
   41.0000000000        3.3826639317        0.8567449628E-02
   42.0000000000        3.3832749793        0.8783985393E-02
   43.0000000000        3.3839012890        0.9001079386E-02
   44.0000000000        3.3845429001        0.9218746199E-02
   45.0000000000        3.3851998528        0.9437000521E-02
   46.0000000000        3.3858721884        0.9655857136E-02
   47.0000000000        3.3865599492        0.9875330930E-02
   48.0000000000        3.3872631786        0.1009543690E-01
   49.0000000000        3.3879819209        0.1031619013E-01
   50.0000000000        3.3887162216        0.1053760583E-01
   51.0000000000        3.3894661273        0.1075969932E-01
   52.0000000000        3.3902316855        0.1098248604E-01
   53.0000000000        3.3910129449        0.1120598153E-01
   54.0000000000        3.3918099553        0.1143020146E-01
   55.0000000000        3.3926227675        0.1165516164E-01
   56.0000000000        3.3934514335        0.1188087797E-01
   57.0000000000        3.3942960064        0.1210736651E-01
   58.0000000000        3.3951565403        0.1233464346E-01
   59.0000000000        3.3960330907        0.1256272512E-01
   60.0000000000        3.3969257141        0.1279162796E-01
   61.0000000000        3.3978344679        0.1302136858E-01
   62.0000000000        3.3987594112        0.1325196373E-01
   63.0000000000        3.3997006038        0.1348343031E-01
   64.0000000000        3.4006581069        0.1371578536E-01
   65.0000000000        3.4016319830        0.1394904611E-01
   66.0000000000        3.4026222955        0.1418322990E-01
   67.0000000000        3.4036291093        0.1441835429E-01
   68.0000000000        3.4046524905        0.1465443695E-01
   69.0000000000        3.4056925062        0.1489149576E-01
   70.0000000000        3.4067492251        0.1512954877E-01
   71.0000000000        3.4078227170        0.1536861419E-01
   72.0000000000        3.4089130529        0.1560871043E-01
   73.0000000000        3.4100203053        0.1584985608E-01
   74.0000000000        3.4111445478        0.1609206991E-01
   75.0000000000        3.4122858555        0.1633537091E-01
   76.0000000000        3.4134443047        0.1657977824E-01
   77.0000000000        3.4146199732        0.1682531128E-01
   78.0000000000        3.4158129401        0.1707198961E-01
   79.0000000000        3.4170232858        0.1731983303E-01
   80.0000000000        3.4182510922        0.1756886155E-01
   81.0000000000        3.4194964426        0.1781909540E-01
   82.0000000000        3.4207594217        0.1807055503E-01
   83.0000000000        3.4220401156        0.1832326113E-01
   84.0000000000        3.4233386121        0.1857723462E-01
   85.0000000000        3.4246550001        0.1883249667E-01
   86.0000000000        3.4259893704        0.1908906868E-01
   87.0000000000        3.4273418150        0.1934697230E-01
   88.0000000000        3.4287124277        0.1960622944E-01
   89.0000000000        3.4301013035        0.1986686228E-01
   90.0000000000        3.4315085394        0.2012889324E-01
   91.0000000000        3.4329342336        0.2039234505E-01
   92.0000000000        3.4343784863        0.2065724068E-01
   93.0000000000        3.4358413989        0.2092360340E-01
   94.0000000000        3.4373230749        0.2119145677E-01
   95.0000000000        3.4388236190        0.2146082463E-01
   96.0000000000        3.4403431381        0.2173173114E-01
   97.0000000000        3.4418817405        0.2200420076E-01
   98.0000000000        3.4434395362        0.2227825826E-01
   99.0000000000        3.4450166371        0.2255392872E-01
  100.0000000000        3.4466131570        0.2283123757E-01
  101.0000000000        3.4482292113        0.2311021055E-01
  102.0000000000        3.4498649172        0.2339087375E-01
  103.0000000000        3.4515203940        0.2367325361E-01
  104.0000000000        3.4531957628        0.2395737693E-01
  105.0000000000        3.4548911464        0.2424327084E-01
  106.0000000000        3.4566066698        0.2453096289E-01
  107.0000000000        3.4583424599        0.2482048095E-01
  108.0000000000        3.4600986455        0.2511185332E-01
  109.0000000000        3.4618753575        0.2540510866E-01
  110.0000000000        3.4636727289        0.2570027606E-01
  111.0000000000        3.4654908947        0.2599738500E-01
  112.0000000000        3.4673299920        0.2629646537E-01
  113.0000000000        3.4691901601        0.2659754751E-01
  114.0000000000        3.4710715405        0.2690066218E-01
  115.0000000000        3.4729742768        0.2720584059E-01
  116.0000000000        3.4748985148        0.2751311440E-01
  117.0000000000        3.4768444028        0.2782251572E-01
  118.0000000000        3.4788120913        0.2813407717E-01
  119.0000000000        3.4808017329        0.2844783181E-01
  120.0000000000        3.4828134830        0.2876381322E-01
  121.0000000000        3.4848474991        0.2908205548E-01
  122.0000000000        3.4869039413        0.2940259317E-01
  123.0000000000        3.4889829721        0.2972546141E-01
  124.0000000000        3.4910847565        0.3005069586E-01
  125.0000000000        3.4932094622        0.3037833272E-01
  126.0000000000        3.4953572595        0.3070840873E-01
  127.0000000000        3.4975283212        0.3104096124E-01
  128.0000000000        3.4997228229        0.3137602815E-01
  129.0000000000        3.5019409429        0.3171364799E-01
  130.0000000000        3.5041828623        0.3205385986E-01
  131.0000000000        3.5064487651        0.3239670352E-01
  132.0000000000        3.5087388379        0.3274221934E-01
  133.0000000000        3.5110532706        0.3309044834E-01
  134.0000000000        3.5133922557        0.3344143224E-01
  135.0000000000        3.5157559889        0.3379521338E-01
  136.0000000000        3.5181446691        0.3415183485E-01
  137.0000000000        3.5205584980        0.3451134041E-01
  138.0000000000        3.5229976808        0.3487377457E-01
  139.0000000000        3.5254624255        0.3523918256E-01
  140.0000000000        3.5279529439        0.3560761038E-01
  141.0000000000        3.5304694507        0.3597910481E-01
  142.0000000000        3.5330121642        0.3635371340E-01
  143.0000000000        3.5355813062        0.3673148452E-01
  144.0000000000        3.5381771018        0.3711246738E-01
  145.0000000000        3.5407997798        0.3749671203E-01
  146.0000000000        3.5434495728        0.3788426936E-01
  147.0000000000        3.5461267167        0.3827519118E-01
  148.0000000000        3.5488314516        0.3866953018E-01
  149.0000000000        3.5515640211        0.3906734000E-01
  150.0000000000        3.5543246728        0.3946867520E-01
  151.0000000000        3.5571136585        0.3987359133E-01
  152.0000000000        3.5599312337        0.4028214492E-01
  153.0000000000        3.5627776582        0.4069439352E-01
  154.0000000000        3.5656531961        0.4111039572E-01
  155.0000000000        3.5685581154        0.4153021116E-01
  156.0000000000        3.5714926890        0.4195390058E-01
  157.0000000000        3.5744571936        0.4238152583E-01
  158.0000000000        3.5774519110        0.4281314990E-01
  159.0000000000        3.5804771273        0.4324883695E-01
  160.0000000000        3.5835331333        0.4368865231E-01
  161.0000000000        3.5866202247        0.4413266257E-01
  162.0000000000        3.5897387018        0.4458093554E-01
  163.0000000000        3.5928888703        0.4503354033E-01
  164.0000000000        3.5960710406        0.4549054736E-01
  165.0000000000        3.5992855284        0.4595202840E-01
  166.0000000000        3.6025326546        0.4641805658E-01
  167.0000000000        3.6058127455        0.4688870647E-01
  168.0000000000        3.6091261329        0.4736405406E-01
  169.0000000000        3.6124731542        0.4784417683E-01
  170.0000000000        3.6158541524        0.4832915379E-01
  171.0000000000        3.6192694763        0.4881906550E-01
  172.0000000000        3.6227194807        0.4931399411E-01
  173.0000000000        3.6262045263        0.4981402342E-01
  174.0000000000        3.6297249803        0.5031923888E-01
  175.0000000000        3.6332812157        0.5082972770E-01
  176.0000000000        3.6368736124        0.5134557882E-01
  177.0000000000        3.6405025565        0.5186688301E-01
  178.0000000000        3.6441684409        0.5239373287E-01
  179.0000000000        3.6478716653        0.5292622293E-01
  180.0000000000        3.6516126366        0.5346444967E-01
  181.0000000000        3.6553917684        0.5400851155E-01
  182.0000000000        3.6592094819        0.5455850911E-01
  183.0000000000        3.6630662057        0.5511454498E-01
  184.0000000000        3.6669623758        0.5567672398E-01
  185.0000000000        3.6708984360        0.5624515312E-01
  186.0000000000        3.6748748382        0.5681994172E-01
  187.0000000000        3.6788920422        0.5740120143E-01
  188.0000000000        3.6829505160        0.5798904631E-01
  189.0000000000        3.6870507363        0.5858359289E-01
  190.0000000000        3.6911931881        0.5918496023E-01
  191.0000000000        3.6953783656        0.5979327001E-01
  192.0000000000        3.6996067718        0.6040864658E-01
  193.0000000000        3.7038789188        0.6103121705E-01
  194.0000000000        3.7081953283        0.6166111134E-01
  195.0000000000        3.7125565317        0.6229846231E-01
  196.0000000000        3.7169630702        0.6294340577E-01
  197.0000000000        3.7214154950        0.6359608063E-01
  198.0000000000        3.7259143677        0.6425662895E-01
  199.0000000000        3.7304602604        0.6492519604E-01
  200.0000000000        3.7350537561        0.6560193055E-01
  201.0000000000        3.7396954489        0.6628698457E-01
  202.0000000000        3.7443859440        0.6698051372E-01
  203.0000000000        3.7491258583        0.6768267726E-01
  204.0000000000        3.7539158207        0.6839363819E-01
  205.0000000000        3.7587564721        0.6911356339E-01
  206.0000000000        3.7636484658        0.6984262368E-01
  207.0000000000        3.7685924679        0.7058099397E-01
  208.0000000000        3.7735891576        0.7132885337E-01
  209.0000000000        3.7786392274        0.7208638535E-01
  210.0000000000        3.7837433835        0.7285377782E-01
  211.0000000000        3.7889023462        0.7363122327E-01
  212.0000000000        3.7941168501        0.7441891898E-01
  213.0000000000        3.7993876445        0.7521706705E-01
  214.0000000000        3.8047154940        0.7602587466E-01
  215.0000000000        3.8101011784        0.7684555414E-01
  216.0000000000        3.8155454938        0.7767632320E-01
  217.0000000000        3.8210492522        0.7851840504E-01
  218.0000000000        3.8266132824        0.7937202857E-01
  219.0000000000        3.8322384306        0.8023742855E-01
  220.0000000000        3.8379255603        0.8111484580E-01
  221.0000000000        3.8436755531        0.8200452739E-01
  222.0000000000        3.8494893092        0.8290672684E-01
  223.0000000000        3.8553677478        0.8382170434E-01
  224.0000000000        3.8613118075        0.8474972692E-01
  225.0000000000        3.8673224471        0.8569106874E-01
  226.0000000000        3.8734006460        0.8664601129E-01
  227.0000000000        3.8795474045        0.8761484362E-01
  228.0000000000        3.8857637447        0.8859786262E-01
  229.0000000000        3.8920507113        0.8959537327E-01
  230.0000000000        3.8984093714        0.9060768892E-01
  231.0000000000        3.9048408161        0.9163513155E-01
  232.0000000000        3.9113461604        0.9267803209E-01
  233.0000000000        3.9179265444        0.9373673073E-01
  234.0000000000        3.9245831337        0.9481157722E-01
  235.0000000000        3.9313171201        0.9590293122E-01
  236.0000000000        3.9381297228        0.9701116263E-01
  237.0000000000        3.9450221884        0.9813665197E-01
  238.0000000000        3.9519957926        0.9927979073E-01
  239.0000000000        3.9590518402        0.1004409818
  240.0000000000        3.9661916665        0.1016206399
  241.0000000000        3.9734166380        0.1028191918
  242.0000000000        3.9807281535        0.1040370771
  243.0000000000        3.9881276448        0.1052747485
  244.0000000000        3.9956165779        0.1065326723
  245.0000000000        4.0031964537        0.1078113287
  246.0000000000        4.0108688095        0.1091112130
  247.0000000000        4.0186352201        0.1104328352
  248.0000000000        4.0264972985        0.1117767214
  249.0000000000        4.0344566973        0.1131434139
  250.0000000000        4.0425151104        0.1145334720
  251.0000000000        4.0506742734        0.1159474729
  252.0000000000        4.0589359658        0.1173860117
  253.0000000000        4.0673020118        0.1188497030
  254.0000000000        4.0757742820        0.1203391810
  255.0000000000        4.0843546948        0.1218551005
  256.0000000000        4.0930452181        0.1233981378
  257.0000000000        4.1018478706        0.1249689915
  258.0000000000        4.1107647239        0.1265683833
  259.0000000000        4.1197979038        0.1281970592
  260.0000000000        4.1289495927        0.1298557903
  261.0000000000        4.1382220307        0.1315453739
  262.0000000000        4.1476175183        0.1332666347
  263.0000000000        4.1571384180        0.1350204256
  264.0000000000        4.1667871568        0.1368076295
  265.0000000000        4.1765662279        0.1386291600
  266.0000000000        4.1864781935        0.1404859631
  267.0000000000        4.1965256871        0.1423790184
  268.0000000000        4.2067114157        0.1443093408
  269.0000000000        4.2170381630        0.1462779817
  270.0000000000        4.2275087916        0.1482860313
  271.0000000000        4.2381262460        0.1503346193
  272.0000000000        4.2488935559        0.1524249179
  273.0000000000        4.2598138389        0.1545581427
  274.0000000000        4.2708903040        0.1567355554
  275.0000000000        4.2821262547        0.1589584655
  276.0000000000        4.2935250931        0.1612282329
  277.0000000000        4.3050903230        0.1635462701
  278.0000000000        4.3168255542        0.1659140446
  279.0000000000        4.3287345064        0.1683330819
  280.0000000000        4.3408210133        0.1708049678
  281.0000000000        4.3530890275        0.1733313518
  282.0000000000        4.3655426246        0.1759139503
  283.0000000000        4.3781860086        0.1785545493
  284.0000000000        4.3910235166        0.1812550087
  285.0000000000        4.4040596243        0.1840172654
  286.0000000000        4.4172989518        0.1868433378
  287.0000000000        4.4307462691        0.1897353296
  288.0000000000        4.4444065027        0.1926954343
  289.0000000000        4.4582847418        0.1957259402
  290.0000000000        4.4723862454        0.1988292351
  291.0000000000        4.4867164491        0.2020078120
  292.0000000000        4.5012809728        0.2052642745
  293.0000000000        4.5160856288        0.2086013429
  294.0000000000        4.5311364299        0.2120218608
  295.0000000000        4.5464395980        0.2155288018
  296.0000000000        4.5620015737        0.2191252772
  297.0000000000        4.5778290258        0.2228145432
  298.0000000000        4.5939288615        0.2266000099
  299.0000000000        4.6103082371        0.2304852498
  300.0000000000        4.6269745696        0.2344740074
  301.0000000000        4.6439355483        0.2385702099
  302.0000000000        4.6611991478        0.2427779772
  303.0000000000        4.6787736412        0.2471016346
  304.0000000000        4.6966676139        0.2515457247
  305.0000000000        4.7148899788        0.2561150212
  306.0000000000        4.7334499919        0.2608145431
  307.0000000000        4.7523572688        0.2656495705
  308.0000000000        4.7716218025        0.2706256614
  309.0000000000        4.7912539815        0.2757486691
  310.0000000000        4.8112646102        0.2810247624
  311.0000000000        4.8316649287        0.2864604457
  312.0000000000        4.8524666359        0.2920625822
  313.0000000000        4.8736819120        0.2978384176
  314.0000000000        4.8953234439        0.3037956069
  315.0000000000        4.9174044510        0.3099422425
  316.0000000000        4.9399387133        0.3162868851
  317.0000000000        4.9629406008        0.3228385970
  318.0000000000        4.9864251050        0.3296069784
  319.0000000000        5.0104078721        0.3366022062
  320.0000000000        5.0349052387        0.3438350773
  321.0000000000        5.0599342689        0.3513170545
  322.0000000000        5.0855127945        0.3590603172
  323.0000000000        5.1116594576        0.3670778165
  324.0000000000        5.1383937556        0.3753833352
  325.0000000000        5.1657360895        0.3839915535
  326.0000000000        5.1937078142        0.3929181207
  327.0000000000        5.2223312940        0.4021797338
  328.0000000000        5.2516299592        0.4117942238
  329.0000000000        5.2816283682        0.4217806498
  330.0000000000        5.3123522727        0.4321594034
  331.0000000000        5.3438286869        0.4429523224
  332.0000000000        5.3760859614        0.4541828169
  333.0000000000        5.4091538613        0.4658760082
  334.0000000000        5.4430636496        0.4780588817
  335.0000000000        5.4778481749        0.4907604568
  336.0000000000        5.5135419646        0.5040119741
  337.0000000000        5.5501813238        0.5178471039
  338.0000000000        5.5878044389        0.5323021772
  339.0000000000        5.6264514874        0.5474164425
  340.0000000000        5.6661647527        0.5632323525
  341.0000000000        5.7069887444        0.5797958829
  342.0000000000        5.7489703237        0.5971568894
  343.0000000000        5.7921588332        0.6153695068
  344.0000000000        5.8366062307        0.6344925962
  345.0000000000        5.8823672254        0.6545902471
  346.0000000000        5.9294994156        0.6757323416
  347.0000000000        5.9780634253        0.6979951901
  348.0000000000        6.0281230371        0.7214622484
  349.0000000000        6.0797453177        0.7462249269
  350.0000000000        6.1330007314        0.7723835074
  351.0000000000        6.1879632335        0.8000481814
  352.0000000000        6.2447103380        0.8293402293
  353.0000000000        6.3033231457        0.8603933599
  354.0000000000        6.3638863202        0.8933552370
  355.0000000000        6.4264879924        0.9283892182
  356.0000000000        6.4912195706        0.9656763410
  357.0000000000        6.5581754239        1.0054175916
  358.0000000000        6.6274524002        1.0478364998
  359.0000000000        6.6991491268        1.0931821098
  360.0000000000        6.7733650269        1.1417323804
  361.0000000000        6.8501989668        1.1937980772
  362.0000000000        6.9297474215        1.2497272263
  363.0000000000        7.0121020170        1.3099102006
  364.0000000000        7.0973462637        1.3747855175
  365.0000000000        7.1855512413        1.4448464230
  366.0000000000        7.2767699292        1.5206483281
  367.0000000000        7.3710297856        1.6028171453
  368.0000000000        7.4683230697        1.6920585308
  369.0000000000        7.5685942602        1.7891679682
  370.0000000000        7.6717237539        1.8950415122
  371.0000000000        7.7775068223        2.0106868251
  372.0000000000        7.8856265687        2.1372338454
  373.0000000000        7.9956193763        2.2759439870
  374.0000000000        8.1068311028        2.4282161107
  375.0000000000        8.2183621268        2.5955865536
  376.0000000000        8.3289994164        2.7797191628
  377.0000000000        8.4371342898        2.9823794567
  378.0000000000        8.5406658366        3.2053847057
  379.0000000000        8.6368926055        3.4505189865
  380.0000000000        8.7223998916        3.7193995544
  381.0000000000        8.7929576164        4.0132792242
  382.0000000000        8.8434550283        4.3327708417
  383.0000000000        8.8679128736        4.6774876211
  384.0000000000        8.8596285369        5.0456114142
  385.0000000000        8.8115179099        5.4334337178
  386.0000000000        8.7167070744        5.8349608918
  387.0000000000        8.5693820612        6.2417246350
  388.0000000000        8.3658173478        6.6429645332
  389.0000000000        8.1053879637        7.0263134710
  390.0000000000        7.7912765062        7.3789924599
  391.0000000000        7.4305883839        7.6893301009
  392.0000000000        7.0337320382        7.9482492806
  393.0000000000        6.6131668711        8.1503202991
  394.0000000000        6.1818469893        8.2941147913
  395.0000000000        5.7517690878        8.3818431861
  396.0000000000        5.3329374142        8.4184838216
  397.0000000000        4.9328653738        8.4107105129
  398.0000000000        4.5565542403        8.3658881264
  399.0000000000        4.2067927059        8.2912948124
  400.0000000000        3.8846094210        8.1936163953
  401.0000000000        3.5897496784        8.0786828632
  402.0000000000        3.3211000267        7.9513843122
  403.0000000000        3.0770287039        7.8157013495
  404.0000000000        2.8556382806        7.6747973170
  405.0000000000        2.6549414328        7.5311357504
  406.0000000000        2.4729758383        7.3866006158
  407.0000000000        2.3078740450        7.2426072665
  408.0000000000        2.1579017354        7.1001988490
  409.0000000000        2.0214747960        6.9601268970
  410.0000000000        1.8971628087        6.8229169733
  411.0000000000        1.7836843006        6.6889211676
  412.0000000000        1.6798973631        6.5583595362
  413.0000000000        1.5847880074        6.4313525011
  414.0000000000        1.4974577500        6.3079459994
  415.0000000000        1.4171113369        6.1881308931
  416.0000000000        1.3430451227        6.0718578810
  417.0000000000        1.2746363710        5.9590489061
  418.0000000000        1.2113335809        5.8496058460
  419.0000000000        1.1526478531        5.7434171039
  420.0000000000        1.0981452500        5.6403625822
  421.0000000000        1.0474400760        5.5403174103
  422.0000000000        1.0001889936        5.4431547172
  423.0000000000        0.9560858833        5.3487476699
  424.0000000000        0.9148573636        5.2569709508
  425.0000000000        0.8762588885        5.1677018050
  426.0000000000        0.8400713508        5.0808207613
  427.0000000000        0.8060981255        4.9962121035
  428.0000000000        0.7741624958        4.9137641530
  429.0000000000        0.7441054115        4.8333694096
  430.0000000000        0.7157835366        4.7549245853
  431.0000000000        0.6890675485        4.6783305593
  432.0000000000        0.6638406557        4.6034922741
  433.0000000000        0.6399973075        4.5303185896
  434.0000000000        0.6174420719        4.4587221071
  435.0000000000        0.5960886612        4.3886189721
  436.0000000000        0.5758590904        4.3199286635
  437.0000000000        0.5566829525        4.2525737741
  438.0000000000        0.5384968015        4.1864797864
  439.0000000000        0.5212436338        4.1215748474
  440.0000000000        0.5048724618        4.0577895447
  441.0000000000        0.4893379755        3.9950566862
  442.0000000000        0.4746002909        3.9333110862
  443.0000000000        0.4606247858        3.8724893616
  444.0000000000        0.4473820262        3.8125297407
  445.0000000000        0.4348477900        3.7533718930
  446.0000000000        0.4230031980        3.6949567858
  447.0000000000        0.4118349647        3.6372265819
  448.0000000000        0.4013357882        3.5801245962
  449.0000000000        0.3915049018        3.5235953374
  450.0000000000        0.3823488142        3.4675846748
  451.0000000000        0.3738822736        3.4120401865
  452.0000000000        0.3661294905        3.3569117727
  453.0000000000        0.3591256565        3.3021526557
  454.0000000000        0.3529187880        3.2477209387
  455.0000000000        0.3475718947        3.1935819753
  456.0000000000        0.3431654221        3.1397119015
  457.0000000000        0.3397997961        3.0861028185
  458.0000000000        0.3375976880        3.0327702794
  459.0000000000        0.3367052314        2.9797639024
  460.0000000000        0.3372907714        2.9271820329
  461.0000000000        0.3395386851        2.8751912294
  462.0000000000        0.3436342916        2.8240505848
  463.0000000000        0.3497339930        2.7741388362
  464.0000000000        0.3579132851        2.7259778736
  465.0000000000        0.3680862271        2.6802386723
  466.0000000000        0.3798975008        2.6377054736
  467.0000000000        0.3926077540        2.5991666368
  468.0000000000        0.4050255078        2.5652097955
  469.0000000000        0.4155686096        2.5359431373
  470.0000000000        0.4225240412        2.5107435713
  471.0000000000        0.4244782976        2.4881934193
  472.0000000000        0.4207467102        2.4663193366
  473.0000000000        0.4115710615        2.4430710242
  474.0000000000        0.3979775614        2.4168089904
  475.0000000000        0.3813999520        2.3865758060
  476.0000000000        0.3632819341        2.3520900776
  477.0000000000        0.3448150742        2.3135599596
  478.0000000000        0.3268437130        2.2714536216
  479.0000000000        0.3098868820        2.2263152849
  480.0000000000        0.2942121608        2.1786524806
  481.0000000000        0.2799164703        2.1288832427
  482.0000000000        0.2669929968        2.0773215227
  483.0000000000        0.2553792914        2.0241822218
  484.0000000000        0.2449888562        1.9695937837
  485.0000000000        0.2357305797        1.9136118030
  486.0000000000        0.2275201216        1.8562306351
  487.0000000000        0.2202864065        1.7973919002
  488.0000000000        0.2139754517        1.7369896382
  489.0000000000        0.2085530754        1.6748721486
  490.0000000000        0.2040076208        1.6108405096
  491.0000000000        0.2003536823        1.5446435409
  492.0000000000        0.1976379384        1.4759685923
  493.0000000000        0.1959486704        1.4044269617
  494.0000000000        0.1954316035        1.3295318702
  495.0000000000        0.1963169257        1.2506655310
  496.0000000000        0.1989670720        1.1670296605
  497.0000000000        0.2039655419        1.0775705669
  498.0000000000        0.2122928249        0.9808669008
  499.0000000000        0.2257026222        0.8749756455
  500.0000000000        0.2475947603        0.7573158229
  501.0000000000        0.2851226824        0.6252307629
  502.0000000000        0.3529719793        0.4808810494
  503.0000000000        0.4662566880        0.3472253984
  504.0000000000        0.6052793892        0.2556288023
  505.0000000000        0.7391183281        0.2005330084
  506.0000000000        0.8600058897        0.1655346687
  507.0000000000        0.9693309124        0.1414921067
  508.0000000000        1.0694710628        0.1239804110
  509.0000000000        1.1623719464        0.1107107924
  510.0000000000        1.2494919752        0.1003938705
  511.0000000000        1.3319229286        0.9224823554E-01
  512.0000000000        1.4104973048        0.8577184823E-01
  513.0000000000        1.4858643292        0.8062696693E-01
  514.0000000000        1.5585416488        0.7657803954E-01
  515.0000000000        1.6289506095        0.7345614438E-01
  516.0000000000        1.6974407331        0.7113759784E-01
  517.0000000000        1.7643070486        0.6953053853E-01
  518.0000000000        1.8298026228        0.6856621521E-01
  519.0000000000        1.8941478034        0.6819316239E-01
  520.0000000000        1.9575371701        0.6837321245E-01
  521.0000000000        2.0201448573        0.6907871368E-01
  522.0000000000        2.0821287011        0.7029056329E-01
  523.0000000000        2.1436335250        0.7199680685E-01
  524.0000000000        2.2047937877        0.7419164222E-01
  525.0000000000        2.2657357505        0.7687472028E-01
  526.0000000000        2.3265792841        0.8005067050E-01
  527.0000000000        2.3874393985        0.8372880206E-01
  528.0000000000        2.4484275643        0.8792294774E-01
  529.0000000000        2.5096528733        0.9265142860E-01
  530.0000000000        2.5712230800        0.9793712571E-01
  531.0000000000        2.6332455526        0.1038076514
  532.0000000000        2.6958281605        0.1102956172
  533.0000000000        2.7590801178        0.1174390010
  534.0000000000        2.8231128008        0.1252816169
  535.0000000000        2.8880405533        0.1338736991
  536.0000000000        2.9539814934        0.1432726118
  537.0000000000        3.0210583318        0.1535437026
  538.0000000000        3.0893992120        0.1647613211
  539.0000000000        3.1591385802        0.1770100329
  540.0000000000        3.2304180902        0.1903860601
  541.0000000000        3.3033875506        0.2049989954
  542.0000000000        3.3782059120        0.2209738407
  543.0000000000        3.4550422957        0.2384534362
  544.0000000000        3.5340770526        0.2576013641
  545.0000000000        3.6155028389        0.2786054245
  546.0000000000        3.6995256776        0.3016818124
  547.0000000000        3.7863659619        0.3270801504
  548.0000000000        3.8762593276        0.3550895711
  549.0000000000        3.9694572848        0.3860460926
  550.0000000000        4.0662274462        0.4203415853
  551.0000000000        4.1668531059        0.4584347053
  552.0000000000        4.2716318077        0.5008642525
  553.0000000000        4.3808723708        0.5482655147
  554.0000000000        4.4948895873        0.6013902769
  555.0000000000        4.6139954417        0.6611312865
  556.0000000000        4.7384851644        0.7285520700
  557.0000000000        4.8686156506        0.8049230248
  558.0000000000        5.0045726474        0.8917645880
  559.0000000000        5.1464215076        0.9908978236
  560.0000000000        5.2940340686        1.1045016600
  561.0000000000        5.4469812371        1.2351736740
  562.0000000000        5.6043771787        1.3859867861
  563.0000000000        5.7646571847        1.5605259344
  564.0000000000        5.9252690691        1.7628744225
  565.0000000000        6.0822616757        1.9974964483
  566.0000000000        6.2297728813        2.2689287461
  567.0000000000        6.3594697107        2.5811549679
  568.0000000000        6.4600972295        2.9365135226
  569.0000000000        6.5174638345        3.3340403513
  570.0000000000        6.5153844612        3.7673726152
  571.0000000000        6.4381385644        4.2228231030
  572.0000000000        6.2745405744        4.6788525916
  573.0000000000        6.0225677026        5.1083377563
  574.0000000000        5.6922276474        5.4839573369
  575.0000000000        5.3044454318        5.7848397987
  576.0000000000        4.8859503448        6.0011943145
  577.0000000000        4.4627609360        6.1347710077
  578.0000000000        4.0553653305        6.1957400998
  579.0000000000        3.6769431274        6.1983112892
  580.0000000000        3.3340261821        6.1571042690
  581.0000000000        3.0282688526        6.0850256669
  582.0000000000        2.7582928420        5.9924601198
  583.0000000000        2.5211308001        5.8872680459
  584.0000000000        2.3131859769        5.7751500479
  585.0000000000        2.1307969770        5.6601080802
  586.0000000000        1.9705320227        5.5448739263
  587.0000000000        1.8293170239        5.4312596300
  588.0000000000        1.7044699128        5.3204254946
  589.0000000000        1.5936866293        5.2130772163
  590.0000000000        1.4950052352        5.1096075029
  591.0000000000        1.4067626956        5.0101963163
  592.0000000000        1.3275517832        4.9148811504
  593.0000000000        1.2561815566        4.8236059701
  594.0000000000        1.1916426969        4.7362551077
  595.0000000000        1.1330778801        4.6526766135
  596.0000000000        1.0797568378        4.5726982400
  597.0000000000        1.0310555542        4.4961382869
  598.0000000000        0.9864389994        4.4228128692
  599.0000000000        0.9454468323        4.3525406967
  600.0000000000        0.9076815680        4.2851461274
  601.0000000000        0.8727987789        4.2204610279
  602.0000000000        0.8404989668        4.1583258125
  603.0000000000        0.8105208060        4.0985899239
  604.0000000000        0.7826355131        4.0411119367
  605.0000000000        0.7566421401        3.9857594132
  606.0000000000        0.7323636292        3.9324085997
  607.0000000000        0.7096434947        3.8809440265
  608.0000000000        0.6883430234        3.8312580539
  609.0000000000        0.6683389049        3.7832503944
  610.0000000000        0.6495212200        3.7368276296
  611.0000000000        0.6317917258        3.6919027377
  612.0000000000        0.6150623915        3.6483946362
  613.0000000000        0.5992541425        3.6062277487
  614.0000000000        0.5842957811        3.5653315959
  615.0000000000        0.5701230551        3.5256404137
  616.0000000000        0.5566778533        3.4870927973
  617.0000000000        0.5439075067        3.4496313716
  618.0000000000        0.5317641817        3.4132024863
  619.0000000000        0.5202043507        3.3777559354
  620.0000000000        0.5091883291        3.3432446980
  621.0000000000        0.4986798701        3.3096247005
  622.0000000000        0.4886458082        3.2768545975
  623.0000000000        0.4790557456        3.2448955709
  624.0000000000        0.4698817753        3.2137111453
  625.0000000000        0.4610982366        3.1832670179
  626.0000000000        0.4526814975        3.1535309029
  627.0000000000        0.4446097623        3.1244723881
  628.0000000000        0.4368629003        3.0960628026
  629.0000000000        0.4294222921        3.0682750962
  630.0000000000        0.4222706934        3.0410837271
  631.0000000000        0.4153921127        3.0144645597
  632.0000000000        0.4087717012        2.9883947692
  633.0000000000        0.4023956546        2.9628527547
  634.0000000000        0.3962511245        2.9378180582
  635.0000000000        0.3903261379        2.9132712901
  636.0000000000        0.3846095258        2.8891940604
  637.0000000000        0.3790908573        2.8655689152
  638.0000000000        0.3737603812        2.8423792771
  639.0000000000        0.3686089719        2.8196093913
  640.0000000000        0.3636280812        2.7972442743
  641.0000000000        0.3588096935        2.7752696674
  642.0000000000        0.3541462862        2.7536719926
  643.0000000000        0.3496307928        2.7324383125
  644.0000000000        0.3452565688        2.7115562921
  645.0000000000        0.3410173621        2.6910141640
  646.0000000000        0.3369072840        2.6708006956
  647.0000000000        0.3329207840        2.6509051587
  648.0000000000        0.3290526263        2.6313173009
  649.0000000000        0.3252978677        2.6120273192
  650.0000000000        0.3216518383        2.5930258352
  651.0000000000        0.3181101227        2.5743038718
  652.0000000000        0.3146685434        2.5558528317
  653.0000000000        0.3113231450        2.5376644770
  654.0000000000        0.3080701802        2.5197309102
  655.0000000000        0.3049060961        2.5020445563
  656.0000000000        0.3018275223        2.4845981465
  657.0000000000        0.2988312592        2.4673847019
  658.0000000000        0.2959142677        2.4503975192
  659.0000000000        0.2930736594        2.4336301567
  660.0000000000        0.2903066874        2.4170764214
  661.0000000000        0.2876107380        2.4007303565
  662.0000000000        0.2849833227        2.3845862302
  663.0000000000        0.2824220713        2.3686385246
  664.0000000000        0.2799247245        2.3528819257
  665.0000000000        0.2774891282        2.3373113134
  666.0000000000        0.2751132270        2.3219217527
  667.0000000000        0.2727950592        2.3067084848
  668.0000000000        0.2705327514        2.2916669195
  669.0000000000        0.2683245138        2.2767926269
  670.0000000000        0.2661686353        2.2620813304
  671.0000000000        0.2640634800        2.2475288999
  672.0000000000        0.2620074827        2.2331313454
  673.0000000000        0.2599991452        2.2188848103
  674.0000000000        0.2580370333        2.2047855664
  675.0000000000        0.2561197730        2.1908300075
  676.0000000000        0.2542460477        2.1770146446
  677.0000000000        0.2524145954        2.1633361011
  678.0000000000        0.2506242059        2.1497911077
  679.0000000000        0.2488737180        2.1363764978
  680.0000000000        0.2471620176        2.1230892039
  681.0000000000        0.2454880353        2.1099262527
  682.0000000000        0.2438507438        2.0968847619
  683.0000000000        0.2422491567        2.0839619362
  684.0000000000        0.2406823259        2.0711550638
  685.0000000000        0.2391493402        2.0584615131
  686.0000000000        0.2376493235        2.0458787297
  687.0000000000        0.2361814334        2.0334042331
  688.0000000000        0.2347448593        2.0210356141
  689.0000000000        0.2333388213        2.0087705317
  690.0000000000        0.2319625688        1.9966067107
  691.0000000000        0.2306153793        1.9845419393
  692.0000000000        0.2292965568        1.9725740664
  693.0000000000        0.2280054313        1.9607009995
  694.0000000000        0.2267413571        1.9489207024
  695.0000000000        0.2255037122        1.9372311933
  696.0000000000        0.2242918970        1.9256305427
  697.0000000000        0.2231053339        1.9141168714
  698.0000000000        0.2219434658        1.9026883486
  699.0000000000        0.2208057556        1.8913431904
  700.0000000000        0.2196916854        1.8800796580
  701.0000000000        0.2186007558        1.8688960560
  702.0000000000        0.2175324849        1.8577907310
  703.0000000000        0.2164864080        1.8467620699
  704.0000000000        0.2154620769        1.8358084988
  705.0000000000        0.2144590589        1.8249284813
  706.0000000000        0.2134769366        1.8141205173
  707.0000000000        0.2125153074        1.8033831420
  708.0000000000        0.2115737826        1.7927149241
  709.0000000000        0.2106519873        1.7821144654
  710.0000000000        0.2097495598        1.7715803989
  711.0000000000        0.2088661507        1.7611113884
  712.0000000000        0.2080014235        1.7507061270
  713.0000000000        0.2071550529        1.7403633362
  714.0000000000        0.2063267255        1.7300817653
  715.0000000000        0.2055161390        1.7198601898
  716.0000000000        0.2047230015        1.7096974112
  717.0000000000        0.2039470318        1.6995922556
  718.0000000000        0.2031879586        1.6895435733
  719.0000000000        0.2024455207        1.6795502375
  720.0000000000        0.2017194661        1.6696111442
  721.0000000000        0.2010095519        1.6597252107
  722.0000000000        0.2003155446        1.6498913757
  723.0000000000        0.1996372190        1.6401085976
  724.0000000000        0.1989743585        1.6303758549
  725.0000000000        0.1983267548        1.6206921449
  726.0000000000        0.1976942076        1.6110564829
  727.0000000000        0.1970765244        1.6014679024
  728.0000000000        0.1964735202        1.5919254535
  729.0000000000        0.1958850178        1.5824282034
  730.0000000000        0.1953108470        1.5729752348
  731.0000000000        0.1947508448        1.5635656460
  732.0000000000        0.1942048551        1.5541985504
  733.0000000000        0.1936727287        1.5448730756
  734.0000000000        0.1931543231        1.5355883633
  735.0000000000        0.1926495023        1.5263435685
  736.0000000000        0.1921581368        1.5171378593
  737.0000000000        0.1916801034        1.5079704164
  738.0000000000        0.1912152851        1.4988404324
  739.0000000000        0.1907635710        1.4897471118
  740.0000000000        0.1903248563        1.4806896703
  741.0000000000        0.1898990421        1.4716673345
  742.0000000000        0.1894860356        1.4626793412
  743.0000000000        0.1890857495        1.4537249377
  744.0000000000        0.1886981024        1.4448033808
  745.0000000000        0.1883230186        1.4359139365
  746.0000000000        0.1879604281        1.4270558801
  747.0000000000        0.1876102663        1.4182284953
  748.0000000000        0.1872724746        1.4094310741
  749.0000000000        0.1869469994        1.4006629168
  750.0000000000        0.1866337931        1.3919233308
  751.0000000000        0.1863328134        1.3832116311
  752.0000000000        0.1860440236        1.3745271398
  753.0000000000        0.1857673922        1.3658691855
  754.0000000000        0.1855028937        1.3572371032
  755.0000000000        0.1852505077        1.3486302341
  756.0000000000        0.1850102196        1.3400479251
  757.0000000000        0.1847820203        1.3314895285
  758.0000000000        0.1845659062        1.3229544020
  759.0000000000        0.1843618793        1.3144419082
  760.0000000000        0.1841699476        1.3059514143
  761.0000000000        0.1839901245        1.2974822918
  762.0000000000        0.1838224293        1.2890339166
  763.0000000000        0.1836668873        1.2806056682
  764.0000000000        0.1835235294        1.2721969296
  765.0000000000        0.1833923929        1.2638070875
  766.0000000000        0.1832735211        1.2554355312
  767.0000000000        0.1831669634        1.2470816533
  768.0000000000        0.1830727756        1.2387448485
  769.0000000000        0.1829910200        1.2304245140
  770.0000000000        0.1829217655        1.2221200492
  771.0000000000        0.1828650876        1.2138308549
  772.0000000000        0.1828210688        1.2055563339
  773.0000000000        0.1827897985        1.1972958899
  774.0000000000        0.1827713735        1.1890489280
  775.0000000000        0.1827658977        1.1808148539
  776.0000000000        0.1827734829        1.1725930738
  777.0000000000        0.1827942485        1.1643829946
  778.0000000000        0.1828283220        1.1561840228
  779.0000000000        0.1828758390        1.1479955650
  780.0000000000        0.1829369438        1.1398170274
  781.0000000000        0.1830117895        1.1316478156
  782.0000000000        0.1831005379        1.1234873340
  783.0000000000        0.1832033607        1.1153349863
  784.0000000000        0.1833204388        1.1071901744
  785.0000000000        0.1834519634        1.0990522991
  786.0000000000        0.1835981359        1.0909207588
  787.0000000000        0.1837591687        1.0827949503
  788.0000000000        0.1839352852        1.0746742676
  789.0000000000        0.1841267203        1.0665581027
  790.0000000000        0.1843337212        1.0584458443
  791.0000000000        0.1845565474        1.0503368783
  792.0000000000        0.1847954715        1.0422305873
  793.0000000000        0.1850507798        1.0341263506
  794.0000000000        0.1853227725        1.0260235434
  795.0000000000        0.1856117648        1.0179215373
  796.0000000000        0.1859180872        1.0098196996
  797.0000000000        0.1862420862        1.0017173933
  798.0000000000        0.1865841252        0.9936139769
  799.0000000000        0.1869445851        0.9855088038
  800.0000000000        0.1873238651        0.9774012229
  801.0000000000        0.1877223838        0.9692905777
  802.0000000000        0.1881405797        0.9611762064
  803.0000000000        0.1885789127        0.9530574419
  804.0000000000        0.1890378644        0.9449336113
  805.0000000000        0.1895179401        0.9368040362
  806.0000000000        0.1900196691        0.9286680322
  807.0000000000        0.1905436063        0.9205249091
  808.0000000000        0.1910903337        0.9123739708
  809.0000000000        0.1916604614        0.9042145152
  810.0000000000        0.1922546292        0.8960458343
  811.0000000000        0.1928735082        0.8878672141
  812.0000000000        0.1935178026        0.8796779351
  813.0000000000        0.1941882509        0.8714772719
  814.0000000000        0.1948856284        0.8632644940
  815.0000000000        0.1956107488        0.8550388655
  816.0000000000        0.1963644665        0.8467996459
  817.0000000000        0.1971476786        0.8385460906
  818.0000000000        0.1979613275        0.8302774510
  819.0000000000        0.1988064032        0.8219929756
  820.0000000000        0.1996839459        0.8136919106
  821.0000000000        0.2005950493        0.8053735007
  822.0000000000        0.2015408630        0.7970369906
  823.0000000000        0.2025225959        0.7886816260
  824.0000000000        0.2035415196        0.7803066550
  825.0000000000        0.2045989720        0.7719113301
  826.0000000000        0.2056963606        0.7634949099
  827.0000000000        0.2068351669        0.7550566616
  828.0000000000        0.2080169506        0.7465958637
  829.0000000000        0.2092433533        0.7381118085
  830.0000000000        0.2105161039        0.7296038060
  831.0000000000        0.2118370228        0.7210711877
  832.0000000000        0.2132080269        0.7125133108
  833.0000000000        0.2146311351        0.7039295633
  834.0000000000        0.2161084735        0.6953193699
  835.0000000000        0.2176422806        0.6866821981
  836.0000000000        0.2192349134        0.6780175654
  837.0000000000        0.2208888525        0.6693250480
  838.0000000000        0.2226067086        0.6606042893
  839.0000000000        0.2243912273        0.6518550105
  840.0000000000        0.2262452953        0.6430770223
  841.0000000000        0.2281719452        0.6342702376
  842.0000000000        0.2301743606        0.6254346860
  843.0000000000        0.2322558805        0.6165705296
  844.0000000000        0.2344200026        0.6076780813
  845.0000000000        0.2366703861        0.5987578238
  846.0000000000        0.2390108530        0.5898104318
  847.0000000000        0.2414453874        0.5808367955
  848.0000000000        0.2439781336        0.5718380462
  849.0000000000        0.2466133909        0.5628155848
  850.0000000000        0.2493556059        0.5537711118
  851.0000000000        0.2522093611        0.5447066593
  852.0000000000        0.2551793592        0.5356246254
  853.0000000000        0.2582704025        0.5265278096
  854.0000000000        0.2614873666        0.5174194491
  855.0000000000        0.2648351681        0.5083032563
  856.0000000000        0.2683187242        0.4991834548
  857.0000000000        0.2719429054        0.4900648144
  858.0000000000        0.2757124793        0.4809526829
  859.0000000000        0.2796320456        0.4718530134
  860.0000000000        0.2837059622        0.4627723850
  861.0000000000        0.2879382626        0.4537180150
  862.0000000000        0.2923325655        0.4446977599
  863.0000000000        0.2968919773        0.4357201028
  864.0000000000        0.3016189908        0.4267941260
  865.0000000000        0.3065153805        0.4179294645
  866.0000000000        0.3115821009        0.4091362409
  867.0000000000        0.3168191888        0.4004249791
  868.0000000000        0.3222256766        0.3918064984
  869.0000000000        0.3277995199        0.3832917869
  870.0000000000        0.3335375451        0.3748918589
  871.0000000000        0.3394354207        0.3666175981
  872.0000000000        0.3454876567        0.3584795929
  873.0000000000        0.3516876337        0.3504879692
  874.0000000000        0.3580276624        0.3426522271
  875.0000000000        0.3644990738        0.3349810890
  876.0000000000        0.3710923350        0.3274823656
  877.0000000000        0.3777971891        0.3201628442
  878.0000000000        0.3846028101        0.3130282055
  879.0000000000        0.3914979699        0.3060829699
  880.0000000000        0.3984712072        0.2993304753
  881.0000000000        0.4055109936        0.2927728847
  882.0000000000        0.4126058904        0.2864112210
  883.0000000000        0.4197446907        0.2802454268
  884.0000000000        0.4269165444        0.2742744422
  885.0000000000        0.4341110620        0.2684962979
  886.0000000000        0.4413183979        0.2629082177
  887.0000000000        0.4485293126        0.2575067254
  888.0000000000        0.4557352145        0.2522877524
  889.0000000000        0.4629281844        0.2472467438
  890.0000000000        0.4701009836        0.2423787574
  891.0000000000        0.4772470482        0.2376785565
  892.0000000000        0.4843604736        0.2331406945
  893.0000000000        0.4914359890        0.2287595890
  894.0000000000        0.4984689271        0.2245295879
  895.0000000000        0.5054551880        0.2204450251
  896.0000000000        0.5123912011        0.2165002686
  897.0000000000        0.5192738859        0.2126897592
  898.0000000000        0.5261006116        0.2090080426
  899.0000000000        0.5328691587        0.2054497950
  900.0000000000        0.5395776803        0.2020098423
  901.0000000000        0.5462246668        0.1986831748
  902.0000000000        0.5528089110        0.1954649571
  903.0000000000        0.5593294773        0.1923505352
  904.0000000000        0.5657856712        0.1893354396
  905.0000000000        0.5721770130        0.1864153866
  906.0000000000        0.5785032126        0.1835862775
  907.0000000000        0.5847641470        0.1808441960
  908.0000000000        0.5909598402        0.1781854045
  909.0000000000        0.5970904441        0.1756063392
  910.0000000000        0.6031562225        0.1731036051
  911.0000000000        0.6091575360        0.1706739697
  912.0000000000        0.6150948285        0.1683143569
  913.0000000000        0.6209686157        0.1660218407
  914.0000000000        0.6267794744        0.1637936384
  915.0000000000        0.6325280329        0.1616271040
  916.0000000000        0.6382149629        0.1595197221
  917.0000000000        0.6438409721        0.1574691012
  918.0000000000        0.6494067978        0.1554729679
  919.0000000000        0.6549132008        0.1535291604
  920.0000000000        0.6603609607        0.1516356230
  921.0000000000        0.6657508714        0.1497904005
  922.0000000000        0.6710837372        0.1479916332
  923.0000000000        0.6763603691        0.1462375513
  924.0000000000        0.6815815824        0.1445264703
  925.0000000000        0.6867481938        0.1428567865
  926.0000000000        0.6918610190        0.1412269727
  927.0000000000        0.6969208711        0.1396355737
  928.0000000000        0.7019285586        0.1380812030
  929.0000000000        0.7068848843        0.1365625385
  930.0000000000        0.7117906437        0.1350783194
  931.0000000000        0.7166466244        0.1336273427
  932.0000000000        0.7214536047        0.1322084603
  933.0000000000        0.7262123534        0.1308205760
  934.0000000000        0.7309236287        0.1294626426
  935.0000000000        0.7355881780        0.1281336594
  936.0000000000        0.7402067375        0.1268326699
  937.0000000000        0.7447800317        0.1255587591
  938.0000000000        0.7493087733        0.1243110518
  939.0000000000        0.7537936631        0.1230887103
  940.0000000000        0.7582353895        0.1218909323
  941.0000000000        0.7626346291        0.1207169495
  942.0000000000        0.7669920458        0.1195660254
  943.0000000000        0.7713082918        0.1184374542
  944.0000000000        0.7755840068        0.1173305588
  945.0000000000        0.7798198185        0.1162446897
  946.0000000000        0.7840163426        0.1151792233
  947.0000000000        0.7881741831        0.1141335611
  948.0000000000        0.7922939321        0.1131071281
  949.0000000000        0.7963761701        0.1120993716
  950.0000000000        0.8004214664        0.1111097607
  951.0000000000        0.8044303787        0.1101377844
  952.0000000000        0.8084034540        0.1091829516
  953.0000000000        0.8123412283        0.1082447893
  954.0000000000        0.8162442270        0.1073228424
  955.0000000000        0.8201129647        0.1064166724
  956.0000000000        0.8239479461        0.1055258572
  957.0000000000        0.8277496658        0.1046499898
  958.0000000000        0.8315186082        0.1037886778
  959.0000000000        0.8352552484        0.1029415430
  960.0000000000        0.8389600519        0.1021082204
  961.0000000000        0.8426334748        0.1012883577
  962.0000000000        0.8462759644        0.1004816152
  963.0000000000        0.8498879589        0.9968766443E-01
  964.0000000000        0.8534698879        0.9890618844E-01
  965.0000000000        0.8570221726        0.9813688087E-01
  966.0000000000        0.8605452258        0.9737944564E-01
  967.0000000000        0.8640394523        0.9663359649E-01
  968.0000000000        0.8675052490        0.9589905663E-01
  969.0000000000        0.8709430050        0.9517555825E-01
  970.0000000000        0.8743531018        0.9446284225E-01
  971.0000000000        0.8777359136        0.9376065783E-01
  972.0000000000        0.8810918074        0.9306876216E-01
  973.0000000000        0.8844211432        0.9238692008E-01
  974.0000000000        0.8877242739        0.9171490379E-01
  975.0000000000        0.8910015459        0.9105249256E-01
  976.0000000000        0.8942532991        0.9039947244E-01
  977.0000000000        0.8974798667        0.8975563602E-01
  978.0000000000        0.9006815758        0.8912078216E-01
  979.0000000000        0.9038587475        0.8849471576E-01
  980.0000000000        0.9070116968        0.8787724754E-01
  981.0000000000        0.9101407329        0.8726819380E-01
  982.0000000000        0.9132461593        0.8666737622E-01
  983.0000000000        0.9163282738        0.8607462168E-01
  984.0000000000        0.9193873690        0.8548976204E-01
  985.0000000000        0.9224237321        0.8491263398E-01
  986.0000000000        0.9254376451        0.8434307882E-01
  987.0000000000        0.9284293848        0.8378094232E-01
  988.0000000000        0.9313992233        0.8322607460E-01
  989.0000000000        0.9343474277        0.8267832990E-01
  990.0000000000        0.9372742603        0.8213756650E-01
  991.0000000000        0.9401799790        0.8160364654E-01
  992.0000000000        0.9430648370        0.8107643589E-01
  993.0000000000        0.9459290832        0.8055580405E-01
  994.0000000000        0.9487729620        0.8004162399E-01
  995.0000000000        0.9515967139        0.7953377206E-01
  996.0000000000        0.9544005749        0.7903212787E-01
  997.0000000000        0.9571847772        0.7853657416E-01
  998.0000000000        0.9599495491        0.7804699672E-01
  999.0000000000        0.9626951148        0.7756328430E-01
 1000.0000000000        0.9654216950        0.7708532846E-01
 1001.0000000000        0.9681295065        0.7661302355E-01
 1002.0000000000        0.9708187626        0.7614626656E-01
 1003.0000000000        0.9734896731        0.7568495706E-01
 1004.0000000000        0.9761424442        0.7522899715E-01
 1005.0000000000        0.9787772788        0.7477829130E-01
 1006.0000000000        0.9813943767        0.7433274635E-01
 1007.0000000000        0.9839939340        0.7389227141E-01
 1008.0000000000        0.9865761441        0.7345677778E-01
 1009.0000000000        0.9891411970        0.7302617890E-01
 1010.0000000000        0.9916892797        0.7260039028E-01
 1011.0000000000        0.9942205765        0.7217932940E-01
 1012.0000000000        0.9967352684        0.7176291573E-01
 1013.0000000000        0.9992335338        0.7135107058E-01
 1014.0000000000        1.0017155482        0.7094371714E-01
 1015.0000000000        1.0041814845        0.7054078032E-01
 1016.0000000000        1.0066315128        0.7014218679E-01
 1017.0000000000        1.0090658006        0.6974786488E-01
 1018.0000000000        1.0114845128        0.6935774453E-01
 1019.0000000000        1.0138878119        0.6897175728E-01
 1020.0000000000        1.0162758579        0.6858983619E-01
 1021.0000000000        1.0186488082        0.6821191580E-01
 1022.0000000000        1.0210068182        0.6783793212E-01
 1023.0000000000        1.0233500405        0.6746782253E-01
 1024.0000000000        1.0256786259        0.6710152580E-01
 1025.0000000000        1.0279927226        0.6673898202E-01
 1026.0000000000        1.0302924770        0.6638013257E-01
 1027.0000000000        1.0325780328        0.6602492009E-01
 1028.0000000000        1.0348495322        0.6567328844E-01
 1029.0000000000        1.0371071150        0.6532518267E-01
 1030.0000000000        1.0393509190        0.6498054897E-01
 1031.0000000000        1.0415810801        0.6463933468E-01
 1032.0000000000        1.0437977322        0.6430148821E-01
 1033.0000000000        1.0460010072        0.6396695905E-01
 1034.0000000000        1.0481910355        0.6363569773E-01
 1035.0000000000        1.0503679452        0.6330765578E-01
 1036.0000000000        1.0525318628        0.6298278573E-01
 1037.0000000000        1.0546829131        0.6266104104E-01
 1038.0000000000        1.0568212192        0.6234237614E-01
 1039.0000000000        1.0589469022        0.6202674635E-01
 1040.0000000000        1.0610600818        0.6171410788E-01
 1041.0000000000        1.0631608760        0.6140441779E-01
 1042.0000000000        1.0652494011        0.6109763401E-01
 1043.0000000000        1.0673257720        0.6079371528E-01
 1044.0000000000        1.0693901019        0.6049262112E-01
 1045.0000000000        1.0714425024        0.6019431188E-01
 1046.0000000000        1.0734830839        0.5989874862E-01
 1047.0000000000        1.0755119550        0.5960589317E-01
 1048.0000000000        1.0775292230        0.5931570809E-01
 1049.0000000000        1.0795349939        0.5902815662E-01
 1050.0000000000        1.0815293720        0.5874320273E-01
 1051.0000000000        1.0835124606        0.5846081103E-01
 1052.0000000000        1.0854843613        0.5818094680E-01
 1053.0000000000        1.0874451746        0.5790357598E-01
 1054.0000000000        1.0893949997        0.5762866509E-01
 1055.0000000000        1.0913339344        0.5735618132E-01
 1056.0000000000        1.0932620753        0.5708609242E-01
 1057.0000000000        1.0951795178        0.5681836674E-01
 1058.0000000000        1.0970863560        0.5655297318E-01
 1059.0000000000        1.0989826830        0.5628988123E-01
 1060.0000000000        1.1008685905        0.5602906090E-01
 1061.0000000000        1.1027441691        0.5577048275E-01
 1062.0000000000        1.1046095084        0.5551411783E-01
 1063.0000000000        1.1064646968        0.5525993774E-01
 1064.0000000000        1.1083098215        0.5500791454E-01
 1065.0000000000        1.1101449687        0.5475802081E-01
 1066.0000000000        1.1119702238        0.5451022957E-01
 1067.0000000000        1.1137856706        0.5426451433E-01
 1068.0000000000        1.1155913924        0.5402084905E-01
 1069.0000000000        1.1173874712        0.5377920813E-01
 1070.0000000000        1.1191739881        0.5353956641E-01
 1071.0000000000        1.1209510232        0.5330189914E-01
 1072.0000000000        1.1227186556        0.5306618201E-01
 1073.0000000000        1.1244769636        0.5283239110E-01
 1074.0000000000        1.1262260244        0.5260050289E-01
 1075.0000000000        1.1279659144        0.5237049427E-01
 1076.0000000000        1.1296967090        0.5214234248E-01
 1077.0000000000        1.1314184828        0.5191602516E-01
 1078.0000000000        1.1331313095        0.5169152031E-01
 1079.0000000000        1.1348352619        0.5146880628E-01
 1080.0000000000        1.1365304120        0.5124786177E-01
 1081.0000000000        1.1382168308        0.5102866583E-01
 1082.0000000000        1.1398945889        0.5081119786E-01
 1083.0000000000        1.1415637556        0.5059543756E-01
 1084.0000000000        1.1432243997        0.5038136499E-01
 1085.0000000000        1.1448765892        0.5016896048E-01
 1086.0000000000        1.1465203911        0.4995820471E-01
 1087.0000000000        1.1481558720        0.4974907866E-01
 1088.0000000000        1.1497830974        0.4954156357E-01
 1089.0000000000        1.1514021323        0.4933564102E-01
 1090.0000000000        1.1530130409        0.4913129286E-01
 1091.0000000000        1.1546158866        0.4892850119E-01
 1092.0000000000        1.1562107322        0.4872724844E-01
 1093.0000000000        1.1577976398        0.4852751725E-01
 1094.0000000000        1.1593766708        0.4832929058E-01
 1095.0000000000        1.1609478859        0.4813255162E-01
 1096.0000000000        1.1625113451        0.4793728380E-01
 1097.0000000000        1.1640671079        0.4774347083E-01
 1098.0000000000        1.1656152329        0.4755109665E-01
 1099.0000000000        1.1671557783        0.4736014544E-01
 1100.0000000000        1.1686888016        0.4717060162E-01
 1101.0000000000        1.1702143597        0.4698244982E-01
 1102.0000000000        1.1717325088        0.4679567494E-01
 1103.0000000000        1.1732433045        0.4661026205E-01
 1104.0000000000        1.1747468019        0.4642619647E-01
 1105.0000000000        1.1762430555        0.4624346374E-01
 1106.0000000000        1.1777321193        0.4606204958E-01
 1107.0000000000        1.1792140464        0.4588193995E-01
 1108.0000000000        1.1806888898        0.4570312098E-01
 1109.0000000000        1.1821567016        0.4552557902E-01
 1110.0000000000        1.1836175336        0.4534930061E-01
 1111.0000000000        1.1850714368        0.4517427248E-01
 1112.0000000000        1.1865184618        0.4500048155E-01
 1113.0000000000        1.1879586588        0.4482791493E-01
 1114.0000000000        1.1893920773        0.4465655988E-01
 1115.0000000000        1.1908187665        0.4448640389E-01
 1116.0000000000        1.1922387748        0.4431743458E-01
 1117.0000000000        1.1936521503        0.4414963977E-01
 1118.0000000000        1.1950589406        0.4398300743E-01
 1119.0000000000        1.1964591928        0.4381752571E-01
 1120.0000000000        1.1978529536        0.4365318291E-01
 1121.0000000000        1.1992402691        0.4348996750E-01
 1122.0000000000        1.2006211850        0.4332786810E-01
 1123.0000000000        1.2019957464        0.4316687349E-01
 1124.0000000000        1.2033639984        0.4300697261E-01
 1125.0000000000        1.2047259850        0.4284815452E-01
 1126.0000000000        1.2060817504        0.4269040846E-01
 1127.0000000000        1.2074313378        0.4253372380E-01
 1128.0000000000        1.2087747905        0.4237809004E-01
 1129.0000000000        1.2101121510        0.4222349685E-01
 1130.0000000000        1.2114434614        0.4206993400E-01
 1131.0000000000        1.2127687637        0.4191739142E-01
 1132.0000000000        1.2140880992        0.4176585917E-01
 1133.0000000000        1.2154015089        0.4161532743E-01
 1134.0000000000        1.2167090334        0.4146578651E-01
 1135.0000000000        1.2180107129        0.4131722686E-01
 1136.0000000000        1.2193065872        0.4116963903E-01
 1137.0000000000        1.2205966957        0.4102301372E-01
 1138.0000000000        1.2218810776        0.4087734172E-01
 1139.0000000000        1.2231597714        0.4073261396E-01
 1140.0000000000        1.2244328156        0.4058882149E-01
 1141.0000000000        1.2257002482        0.4044595544E-01
 1142.0000000000        1.2269621066        0.4030400709E-01
 1143.0000000000        1.2282184282        0.4016296781E-01
 1144.0000000000        1.2294692498        0.4002282909E-01
 1145.0000000000        1.2307146081        0.3988358252E-01
 1146.0000000000        1.2319545393        0.3974521979E-01
 1147.0000000000        1.2331890792        0.3960773270E-01
 1148.0000000000        1.2344182633        0.3947111316E-01
 1149.0000000000        1.2356421271        0.3933535316E-01
 1150.0000000000        1.2368607052        0.3920044482E-01
 1151.0000000000        1.2380740324        0.3906638032E-01
 1152.0000000000        1.2392821428        0.3893315195E-01
 1153.0000000000        1.2404850705        0.3880075212E-01
 1154.0000000000        1.2416828490        0.3866917329E-01
 1155.0000000000        1.2428755118        0.3853840805E-01
 1156.0000000000        1.2440630918        0.3840844904E-01
 1157.0000000000        1.2452456219        0.3827928902E-01
 1158.0000000000        1.2464231344        0.3815092084E-01
 1159.0000000000        1.2475956615        0.3802333741E-01
 1160.0000000000        1.2487632351        0.3789653173E-01
 1161.0000000000        1.2499258868        0.3777049691E-01
 1162.0000000000        1.2510836478        0.3764522611E-01
 1163.0000000000        1.2522365493        0.3752071259E-01
 1164.0000000000        1.2533846220        0.3739694968E-01
 1165.0000000000        1.2545278963        0.3727393080E-01
 1166.0000000000        1.2556664025        0.3715164942E-01
 1167.0000000000        1.2568001705        0.3703009913E-01
 1168.0000000000        1.2579292301        0.3690927355E-01
 1169.0000000000        1.2590536106        0.3678916640E-01
 1170.0000000000        1.2601733412        0.3666977147E-01
 1171.0000000000        1.2612884509        0.3655108261E-01
 1172.0000000000        1.2623989683        0.3643309376E-01
 1173.0000000000        1.2635049218        0.3631579891E-01
 1174.0000000000        1.2646063398        0.3619919214E-01
 1175.0000000000        1.2657032499        0.3608326756E-01
 1176.0000000000        1.2667956801        0.3596801940E-01
 1177.0000000000        1.2678836578        0.3585344191E-01
 1178.0000000000        1.2689672101        0.3573952942E-01
 1179.0000000000        1.2700463641        0.3562627633E-01
 1180.0000000000        1.2711211466        0.3551367711E-01
 1181.0000000000        1.2721915841        0.3540172626E-01
 1182.0000000000        1.2732577029        0.3529041838E-01
 1183.0000000000        1.2743195292        0.3517974810E-01
 1184.0000000000        1.2753770888        0.3506971013E-01
 1185.0000000000        1.2764304074        0.3496029922E-01
 1186.0000000000        1.2774795105        0.3485151019E-01
 1187.0000000000        1.2785244233        0.3474333793E-01
 1188.0000000000        1.2795651708        0.3463577735E-01
 1189.0000000000        1.2806017779        0.3452882345E-01
 1190.0000000000        1.2816342691        0.3442247126E-01
 1191.0000000000        1.2826626690        0.3431671589E-01
 1192.0000000000        1.2836870017        0.3421155248E-01
 1193.0000000000        1.2847072913        0.3410697622E-01
 1194.0000000000        1.2857235616        0.3400298238E-01
 1195.0000000000        1.2867358362        0.3389956626E-01
 1196.0000000000        1.2877441385        0.3379672321E-01
 1197.0000000000        1.2887484919        0.3369444863E-01
 1198.0000000000        1.2897489193        0.3359273797E-01
 1199.0000000000        1.2907454437        0.3349158674E-01
 1200.0000000000        1.2917380877        0.3339099049E-01
 1201.0000000000        1.2927268739        0.3329094480E-01
 1202.0000000000        1.2937118247        0.3319144532E-01
 1203.0000000000        1.2946929620        0.3309248775E-01
 1204.0000000000        1.2956703080        0.3299406780E-01
 1205.0000000000        1.2966438844        0.3289618127E-01
 1206.0000000000        1.2976137129        0.3279882396E-01
 1207.0000000000        1.2985798149        0.3270199175E-01
 1208.0000000000        1.2995422118        0.3260568054E-01
 1209.0000000000        1.3005009246        0.3250988628E-01
 1210.0000000000        1.3014559742        0.3241460497E-01
 1211.0000000000        1.3024073816        0.3231983263E-01
 1212.0000000000        1.3033551673        0.3222556534E-01
 1213.0000000000        1.3042993518        0.3213179921E-01
 1214.0000000000        1.3052399554        0.3203853040E-01
 1215.0000000000        1.3061769982        0.3194575510E-01
 1216.0000000000        1.3071105004        0.3185346954E-01
 1217.0000000000        1.3080404816        0.3176166999E-01
 1218.0000000000        1.3089669616        0.3167035276E-01
 1219.0000000000        1.3098899600        0.3157951418E-01
 1220.0000000000        1.3108094960        0.3148915064E-01
 1221.0000000000        1.3117255891        0.3139925857E-01
 1222.0000000000        1.3126382582        0.3130983440E-01
 1223.0000000000        1.3135475224        0.3122087462E-01
 1224.0000000000        1.3144534003        0.3113237577E-01
 1225.0000000000        1.3153559108        0.3104433440E-01
 1226.0000000000        1.3162550722        0.3095674710E-01
 1227.0000000000        1.3171509031        0.3086961048E-01
 1228.0000000000        1.3180434216        0.3078292123E-01
 1229.0000000000        1.3189326458        0.3069667601E-01
 1230.0000000000        1.3198185937        0.3061087156E-01
 1231.0000000000        1.3207012833        0.3052550463E-01
 1232.0000000000        1.3215807320        0.3044057201E-01
 1233.0000000000        1.3224569576        0.3035607051E-01
 1234.0000000000        1.3233299775        0.3027199699E-01
 1235.0000000000        1.3241998090        0.3018834833E-01
 1236.0000000000        1.3250664693        0.3010512142E-01
 1237.0000000000        1.3259299753        0.3002231322E-01
 1238.0000000000        1.3267903442        0.2993992069E-01
 1239.0000000000        1.3276475927        0.2985794082E-01
 1240.0000000000        1.3285017374        0.2977637065E-01
 1241.0000000000        1.3293527949        0.2969520723E-01
 1242.0000000000        1.3302007817        0.2961444763E-01
 1243.0000000000        1.3310457142        0.2953408898E-01
 1244.0000000000        1.3318876084        0.2945412840E-01
 1245.0000000000        1.3327264805        0.2937456306E-01
 1246.0000000000        1.3335623465        0.2929539016E-01
 1247.0000000000        1.3343952222        0.2921660690E-01
 1248.0000000000        1.3352251233        0.2913821053E-01
 1249.0000000000        1.3360520656        0.2906019833E-01
 1250.0000000000        1.3368760644        0.2898256758E-01
 1251.0000000000        1.3376971353        0.2890531560E-01
 1252.0000000000        1.3385152935        0.2882843975E-01
 1253.0000000000        1.3393305542        0.2875193738E-01
 1254.0000000000        1.3401429325        0.2867580589E-01
 1255.0000000000        1.3409524433        0.2860004269E-01
 1256.0000000000        1.3417591015        0.2852464524E-01
 1257.0000000000        1.3425629219        0.2844961099E-01
 1258.0000000000        1.3433639191        0.2837493743E-01
 1259.0000000000        1.3441621077        0.2830062207E-01
 1260.0000000000        1.3449575022        0.2822666244E-01
 1261.0000000000        1.3457501168        0.2815305610E-01
 1262.0000000000        1.3465399659        0.2807980062E-01
 1263.0000000000        1.3473270636        0.2800689361E-01
 1264.0000000000        1.3481114239        0.2793433269E-01
 1265.0000000000        1.3488930608        0.2786211549E-01
 1266.0000000000        1.3496719882        0.2779023969E-01
 1267.0000000000        1.3504482198        0.2771870296E-01
 1268.0000000000        1.3512217693        0.2764750301E-01
 1269.0000000000        1.3519926502        0.2757663757E-01
 1270.0000000000        1.3527608761        0.2750610438E-01
 1271.0000000000        1.3535264603        0.2743590120E-01
 1272.0000000000        1.3542894161        0.2736602583E-01
 1273.0000000000        1.3550497567        0.2729647607E-01
 1274.0000000000        1.3558074953        0.2722724974E-01
 1275.0000000000        1.3565626448        0.2715834469E-01
 1276.0000000000        1.3573152182        0.2708975877E-01
 1277.0000000000        1.3580652284        0.2702148987E-01
 1278.0000000000        1.3588126881        0.2695353589E-01
 1279.0000000000        1.3595576099        0.2688589475E-01
 1280.0000000000        1.3603000066        0.2681856438E-01
 1281.0000000000        1.3610398905        0.2675154274E-01
 1282.0000000000        1.3617772741        0.2668482779E-01
 1283.0000000000        1.3625121697        0.2661841753E-01
 1284.0000000000        1.3632445897        0.2655230996E-01
 1285.0000000000        1.3639745461        0.2648650311E-01
 1286.0000000000        1.3647020510        0.2642099502E-01
 1287.0000000000        1.3654271166        0.2635578374E-01
 1288.0000000000        1.3661497546        0.2629086734E-01
 1289.0000000000        1.3668699770        0.2622624393E-01
 1290.0000000000        1.3675877955        0.2616191160E-01
 1291.0000000000        1.3683032218        0.2609786847E-01
 1292.0000000000        1.3690162676        0.2603411269E-01
 1293.0000000000        1.3697269444        0.2597064242E-01
 1294.0000000000        1.3704352636        0.2590745581E-01
 1295.0000000000        1.3711412367        0.2584455105E-01
 1296.0000000000        1.3718448749        0.2578192635E-01
 1297.0000000000        1.3725461896        0.2571957992E-01
 1298.0000000000        1.3732451918        0.2565750999E-01
 1299.0000000000        1.3739418927        0.2559571480E-01
 1300.0000000000        1.3746363033        0.2553419262E-01
 1301.0000000000        1.3753284346        0.2547294172E-01
 1302.0000000000        1.3760182974        0.2541196039E-01
 1303.0000000000        1.3767059026        0.2535124693E-01
 1304.0000000000        1.3773912609        0.2529079965E-01
 1305.0000000000        1.3780743830        0.2523061689E-01
 1306.0000000000        1.3787552794        0.2517069699E-01
 1307.0000000000        1.3794339608        0.2511103832E-01
 1308.0000000000        1.3801104375        0.2505163923E-01
 1309.0000000000        1.3807847201        0.2499249812E-01
 1310.0000000000        1.3814568187        0.2493361338E-01
 1311.0000000000        1.3821267438        0.2487498343E-01
 1312.0000000000        1.3827945055        0.2481660668E-01
 1313.0000000000        1.3834601140        0.2475848158E-01
 1314.0000000000        1.3841235793        0.2470060657E-01
 1315.0000000000        1.3847849114        0.2464298012E-01
 1316.0000000000        1.3854441204        0.2458560070E-01
 1317.0000000000        1.3861012160        0.2452846679E-01
 1318.0000000000        1.3867562081        0.2447157689E-01
 1319.0000000000        1.3874091066        0.2441492952E-01
 1320.0000000000        1.3880599210        0.2435852320E-01
 1321.0000000000        1.3887086610        0.2430235645E-01
 1322.0000000000        1.3893553362        0.2424642783E-01
 1323.0000000000        1.3899999562        0.2419073590E-01
 1324.0000000000        1.3906425304        0.2413527922E-01
 1325.0000000000        1.3912830681        0.2408005637E-01
 1326.0000000000        1.3919215788        0.2402506595E-01
 1327.0000000000        1.3925580718        0.2397030655E-01
 1328.0000000000        1.3931925562        0.2391577680E-01
 1329.0000000000        1.3938250413        0.2386147530E-01
 1330.0000000000        1.3944555361        0.2380740071E-01
 1331.0000000000        1.3950840498        0.2375355166E-01
 1332.0000000000        1.3957105913        0.2369992682E-01
 1333.0000000000        1.3963351696        0.2364652484E-01
 1334.0000000000        1.3969577936        0.2359334441E-01
 1335.0000000000        1.3975784721        0.2354038421E-01
 1336.0000000000        1.3981972139        0.2348764295E-01
 1337.0000000000        1.3988140277        0.2343511932E-01
 1338.0000000000        1.3994289223        0.2338281205E-01
 1339.0000000000        1.4000419063        0.2333071986E-01
 1340.0000000000        1.4006529882        0.2327884150E-01
 1341.0000000000        1.4012621766        0.2322717570E-01
 1342.0000000000        1.4018694799        0.2317572123E-01
 1343.0000000000        1.4024749066        0.2312447684E-01
 1344.0000000000        1.4030784651        0.2307344133E-01
 1345.0000000000        1.4036801636        0.2302261347E-01
 1346.0000000000        1.4042800105        0.2297199205E-01
 1347.0000000000        1.4048780139        0.2292157588E-01
 1348.0000000000        1.4054741821        0.2287136377E-01
 1349.0000000000        1.4060685231        0.2282135455E-01
 1350.0000000000        1.4066610451        0.2277154703E-01
 1351.0000000000        1.4072517560        0.2272194007E-01
 1352.0000000000        1.4078406639        0.2267253251E-01
 1353.0000000000        1.4084277767        0.2262332320E-01
 1354.0000000000        1.4090131023        0.2257431102E-01
 1355.0000000000        1.4095966485        0.2252549482E-01
 1356.0000000000        1.4101784232        0.2247687351E-01
 1357.0000000000        1.4107584340        0.2242844596E-01
 1358.0000000000        1.4113366887        0.2238021107E-01
 1359.0000000000        1.4119131949        0.2233216775E-01
 1360.0000000000        1.4124879602        0.2228431492E-01
 1361.0000000000        1.4130609923        0.2223665150E-01
 1362.0000000000        1.4136322986        0.2218917642E-01
 1363.0000000000        1.4142018867        0.2214188861E-01
 1364.0000000000        1.4147697639        0.2209478703E-01
 1365.0000000000        1.4153359377        0.2204787063E-01
 1366.0000000000        1.4159004154        0.2200113836E-01
 1367.0000000000        1.4164632043        0.2195458921E-01
 1368.0000000000        1.4170243117        0.2190822214E-01
 1369.0000000000        1.4175837449        0.2186203614E-01
 1370.0000000000        1.4181415109        0.2181603020E-01
 1371.0000000000        1.4186976170        0.2177020332E-01
 1372.0000000000        1.4192520702        0.2172455451E-01
 1373.0000000000        1.4198048777        0.2167908278E-01
 1374.0000000000        1.4203560464        0.2163378715E-01
 1375.0000000000        1.4209055833        0.2158866664E-01
 1376.0000000000        1.4214534953        0.2154372030E-01
 1377.0000000000        1.4219997895        0.2149894717E-01
 1378.0000000000        1.4225444725        0.2145434629E-01
 1379.0000000000        1.4230875513        0.2140991672E-01
 1380.0000000000        1.4236290326        0.2136565751E-01
 1381.0000000000        1.4241689232        0.2132156775E-01
 1382.0000000000        1.4247072298        0.2127764650E-01
 1383.0000000000        1.4252439590        0.2123389285E-01
 1384.0000000000        1.4257791176        0.2119030588E-01
 1385.0000000000        1.4263127120        0.2114688470E-01
 1386.0000000000        1.4268447488        0.2110362839E-01
 1387.0000000000        1.4273752347        0.2106053607E-01
 1388.0000000000        1.4279041760        0.2101760686E-01
 1389.0000000000        1.4284315792        0.2097483986E-01
 1390.0000000000        1.4289574507        0.2093223422E-01
 1391.0000000000        1.4294817969        0.2088978906E-01
 1392.0000000000        1.4300046241        0.2084750352E-01
 1393.0000000000        1.4305259387        0.2080537674E-01
 1394.0000000000        1.4310457469        0.2076340788E-01
 1395.0000000000        1.4315640550        0.2072159609E-01
 1396.0000000000        1.4320808691        0.2067994053E-01
 1397.0000000000        1.4325961954        0.2063844038E-01
 1398.0000000000        1.4331100402        0.2059709480E-01
 1399.0000000000        1.4336224093        0.2055590298E-01
 1400.0000000000        1.4341333090        0.2051486410E-01
 1401.0000000000        1.4346427453        0.2047397735E-01
 1402.0000000000        1.4351507241        0.2043324193E-01
 1403.0000000000        1.4356572515        0.2039265704E-01
 1404.0000000000        1.4361623334        0.2035222189E-01
 1405.0000000000        1.4366659756        0.2031193568E-01
 1406.0000000000        1.4371681840        0.2027179765E-01
 1407.0000000000        1.4376689646        0.2023180701E-01
 1408.0000000000        1.4381683230        0.2019196299E-01
 1409.0000000000        1.4386662651        0.2015226483E-01
 1410.0000000000        1.4391627967        0.2011271177E-01
 1411.0000000000        1.4396579233        0.2007330304E-01
 1412.0000000000        1.4401516508        0.2003403790E-01
 1413.0000000000        1.4406439847        0.1999491561E-01
 1414.0000000000        1.4411349307        0.1995593542E-01
 1415.0000000000        1.4416244944        0.1991709660E-01
 1416.0000000000        1.4421126814        0.1987839842E-01
 1417.0000000000        1.4425994971        0.1983984015E-01
 1418.0000000000        1.4430849471        0.1980142107E-01
 1419.0000000000        1.4435690368        0.1976314047E-01
 1420.0000000000        1.4440517717        0.1972499763E-01
 1421.0000000000        1.4445331573        0.1968699186E-01
 1422.0000000000        1.4450131988        0.1964912244E-01
 1423.0000000000        1.4454919017        0.1961138869E-01
 1424.0000000000        1.4459692712        0.1957378990E-01
 1425.0000000000        1.4464453127        0.1953632540E-01
 1426.0000000000        1.4469200315        0.1949899449E-01
 1427.0000000000        1.4473934328        0.1946179650E-01
 1428.0000000000        1.4478655218        0.1942473076E-01
 1429.0000000000        1.4483363037        0.1938779660E-01
 1430.0000000000        1.4488057837        0.1935099335E-01
 1431.0000000000        1.4492739669        0.1931432034E-01
 1432.0000000000        1.4497408583        0.1927777693E-01
 1433.0000000000        1.4502064632        0.1924136247E-01
 1434.0000000000        1.4506707866        0.1920507629E-01
 1435.0000000000        1.4511338334        0.1916891777E-01
 1436.0000000000        1.4515956087        0.1913288626E-01
 1437.0000000000        1.4520561174        0.1909698112E-01
 1438.0000000000        1.4525153646        0.1906120173E-01
 1439.0000000000        1.4529733550        0.1902554745E-01
 1440.0000000000        1.4534300938        0.1899001767E-01
 1441.0000000000        1.4538855856        0.1895461176E-01
 1442.0000000000        1.4543398354        0.1891932911E-01
 1443.0000000000        1.4547928479        0.1888416911E-01
 1444.0000000000        1.4552446281        0.1884913115E-01
 1445.0000000000        1.4556951805        0.1881421463E-01
 1446.0000000000        1.4561445101        0.1877941895E-01
 1447.0000000000        1.4565926215        0.1874474352E-01
 1448.0000000000        1.4570395195        0.1871018773E-01
 1449.0000000000        1.4574852086        0.1867575101E-01
 1450.0000000000        1.4579296936        0.1864143277E-01
 1451.0000000000        1.4583729791        0.1860723243E-01
 1452.0000000000        1.4588150697        0.1857314941E-01
 1453.0000000000        1.4592559700        0.1853918314E-01
 1454.0000000000        1.4596956845        0.1850533305E-01
 1455.0000000000        1.4601342177        0.1847159857E-01
 1456.0000000000        1.4605715743        0.1843797914E-01
 1457.0000000000        1.4610077586        0.1840447421E-01
 1458.0000000000        1.4614427752        0.1837108322E-01
 1459.0000000000        1.4618766284        0.1833780561E-01
 1460.0000000000        1.4623093227        0.1830464084E-01
 1461.0000000000        1.4627408626        0.1827158837E-01
 1462.0000000000        1.4631712523        0.1823864764E-01
 1463.0000000000        1.4636004963        0.1820581813E-01
 1464.0000000000        1.4640285989        0.1817309930E-01
 1465.0000000000        1.4644555643        0.1814049062E-01
 1466.0000000000        1.4648813969        0.1810799155E-01
 1467.0000000000        1.4653061010        0.1807560158E-01
 1468.0000000000        1.4657296808        0.1804332019E-01
 1469.0000000000        1.4661521404        0.1801114685E-01
 1470.0000000000        1.4665734842        0.1797908105E-01
 1471.0000000000        1.4669937164        0.1794712227E-01
 1472.0000000000        1.4674128409        0.1791527002E-01
 1473.0000000000        1.4678308621        0.1788352378E-01
 1474.0000000000        1.4682477841        0.1785188306E-01
 1475.0000000000        1.4686636109        0.1782034735E-01
 1476.0000000000        1.4690783466        0.1778891615E-01
 1477.0000000000        1.4694919953        0.1775758897E-01
 1478.0000000000        1.4699045610        0.1772636533E-01
 1479.0000000000        1.4703160478        0.1769524474E-01
 1480.0000000000        1.4707264597        0.1766422670E-01
 1481.0000000000        1.4711358005        0.1763331075E-01
 1482.0000000000        1.4715440744        0.1760249640E-01
 1483.0000000000        1.4719512852        0.1757178317E-01
 1484.0000000000        1.4723574369        0.1754117060E-01
 1485.0000000000        1.4727625334        0.1751065821E-01
 1486.0000000000        1.4731665785        0.1748024554E-01
 1487.0000000000        1.4735695761        0.1744993212E-01
 1488.0000000000        1.4739715302        0.1741971749E-01
 1489.0000000000        1.4743724444        0.1738960119E-01
 1490.0000000000        1.4747723226        0.1735958278E-01
 1491.0000000000        1.4751711687        0.1732966179E-01
 1492.0000000000        1.4755689863        0.1729983777E-01
 1493.0000000000        1.4759657793        0.1727011028E-01
 1494.0000000000        1.4763615513        0.1724047887E-01
 1495.0000000000        1.4767563062        0.1721094310E-01
 1496.0000000000        1.4771500475        0.1718150253E-01
 1497.0000000000        1.4775427791        0.1715215672E-01
 1498.0000000000        1.4779345045        0.1712290524E-01
 1499.0000000000        1.4783252273        0.1709374766E-01
 1500.0000000000        1.4787149514        0.1706468355E-01
