 801     wl [mu]                   n                   k
    0.1000000000        1.7800200000        0.0468200000
    0.1011600000        1.7660200000        0.0492300000
    0.1023300000        1.7522600000        0.0517800000
    0.1035100000        1.7387300000        0.0544700000
    0.1047100000        1.7253900000        0.0573000000
    0.1059300000        1.7122300000        0.0603000000
    0.1071500000        1.6992100000        0.0634600000
    0.1083900000        1.6863300000        0.0668100000
    0.1096500000        1.6735700000        0.0703500000
    0.1109200000        1.6609100000        0.0740800000
    0.1122000000        1.6483200000        0.0780500000
    0.1135000000        1.6358000000        0.0822400000
    0.1148200000        1.6233300000        0.0866800000
    0.1161400000        1.6108900000        0.0914000000
    0.1174900000        1.5985000000        0.0963900000
    0.1188500000        1.5861100000        0.1016900000
    0.1202300000        1.5737200000        0.1073100000
    0.1216200000        1.5613400000        0.1132800000
    0.1230300000        1.5489600000        0.1196200000
    0.1244500000        1.5365500000        0.1263600000
    0.1258900000        1.5241400000        0.1335300000
    0.1273500000        1.5117100000        0.1411500000
    0.1288200000        1.4992700000        0.1492500000
    0.1303200000        1.4868200000        0.1578800000
    0.1318300000        1.4743700000        0.1670600000
    0.1333500000        1.4619500000        0.1768300000
    0.1349000000        1.4495500000        0.1872300000
    0.1364600000        1.4372000000        0.1983000000
    0.1380400000        1.4249400000        0.2100800000
    0.1396400000        1.4127800000        0.2226200000
    0.1412500000        1.4007700000        0.2359500000
    0.1428900000        1.3889700000        0.2501100000
    0.1445400000        1.3774100000        0.2651600000
    0.1462200000        1.3661600000        0.2811200000
    0.1479100000        1.3553000000        0.2980300000
    0.1496200000        1.3449000000        0.3159200000
    0.1513600000        1.3350600000        0.3348100000
    0.1531100000        1.3258600000        0.3547200000
    0.1548800000        1.3174400000        0.3756400000
    0.1566800000        1.3098700000        0.3975700000
    0.1584900000        1.3033000000        0.4204800000
    0.1603200000        1.2978300000        0.4443100000
    0.1621800000        1.2936000000        0.4690400000
    0.1640600000        1.2907200000        0.4945600000
    0.1659600000        1.2893000000        0.5207700000
    0.1678800000        1.2894300000        0.5475700000
    0.1698200000        1.2912200000        0.5748100000
    0.1717900000        1.2947400000        0.6023600000
    0.1737800000        1.3000300000        0.6300600000
    0.1757900000        1.3071300000        0.6577400000
    0.1778300000        1.3160600000        0.6852200000
    0.1798900000        1.3268200000        0.7123300000
    0.1819700000        1.3393600000        0.7388900000
    0.1840800000        1.3536600000        0.7647300000
    0.1862100000        1.3696400000        0.7896800000
    0.1883600000        1.3871800000        0.8135800000
    0.1905500000        1.4062200000        0.8362700000
    0.1927500000        1.4265800000        0.8576200000
    0.1949800000        1.4481600000        0.8775100000
    0.1972400000        1.4707700000        0.8958300000
    0.1995300000        1.4942400000        0.9124800000
    0.2018400000        1.5183900000        0.9274100000
    0.2041700000        1.5430100000        0.9405600000
    0.2065400000        1.5679200000        0.9519400000
    0.2089300000        1.5929000000        0.9615400000
    0.2113500000        1.6177600000        0.9694000000
    0.2138000000        1.6422800000        0.9756000000
    0.2162700000        1.6662900000        0.9802100000
    0.2187800000        1.6896200000        0.9833700000
    0.2213100000        1.7121200000        0.9852200000
    0.2238700000        1.7336500000        0.9859200000
    0.2264600000        1.7541100000        0.9856500000
    0.2290900000        1.7734200000        0.9846300000
    0.2317400000        1.7915500000        0.9830500000
    0.2344200000        1.8084800000        0.9811200000
    0.2371400000        1.8242500000        0.9790700000
    0.2398800000        1.8389200000        0.9770900000
    0.2426600000        1.8525900000        0.9753900000
    0.2454700000        1.8654000000        0.9741400000
    0.2483100000        1.8775200000        0.9734800000
    0.2511900000        1.8891800000        0.9735500000
    0.2541000000        1.9005900000        0.9743900000
    0.2570400000        1.9120300000        0.9760400000
    0.2600200000        1.9237500000        0.9784500000
    0.2630300000        1.9360300000        0.9814800000
    0.2660700000        1.9491000000        0.9849700000
    0.2691500000        1.9631600000        0.9886200000
    0.2722700000        1.9783300000        0.9921000000
    0.2754200000        1.9946300000        0.9950300000
    0.2786100000        2.0119500000        0.9969800000
    0.2818400000        2.0300600000        0.9975600000
    0.2851000000        2.0485700000        0.9964600000
    0.2884000000        2.0669600000        0.9934300000
    0.2917400000        2.0846600000        0.9884600000
    0.2951200000        2.1010100000        0.9816500000
    0.2985400000        2.1154100000        0.9733800000
    0.3020000000        2.1272600000        0.9642300000
    0.3054900000        2.1361000000        0.9550900000
    0.3090300000        2.1416100000        0.9472700000
    0.3126100000        2.1439700000        0.9429400000
    0.3162300000        2.1453200000        0.9459900000
    0.3198900000        2.1566400000        0.9603300000
    0.3235900000        2.1972700000        0.9606600000
    0.3273400000        2.2159500000        0.9195900000
    0.3311300000        2.2013600000        0.8936200000
    0.3349700000        2.1839400000        0.8857900000
    0.3388400000        2.1689100000        0.8870700000
    0.3427700000        2.1561200000        0.8941800000
    0.3467400000        2.1453700000        0.9060900000
    0.3507500000        2.1368600000        0.9224300000
    0.3548100000        2.1310400000        0.9430100000
    0.3589200000        2.1285700000        0.9676300000
    0.3630800000        2.1302200000        0.9959600000
    0.3672800000        2.1368400000        1.0275000000
    0.3715400000        2.1492800000        1.0615300000
    0.3758400000        2.1683200000        1.0970700000
    0.3801900000        2.1945900000        1.1328600000
    0.3845900000        2.2284800000        1.1674400000
    0.3890500000        2.2700300000        1.1990900000
    0.3935500000        2.3188400000        1.2260500000
    0.3981100000        2.3739900000        1.2465700000
    0.4027200000        2.4340800000        1.2591200000
    0.4073800000        2.4972300000        1.2625300000
    0.4121000000        2.5612600000        1.2562000000
    0.4168700000        2.6238200000        1.2402100000
    0.4217000000        2.6827200000        1.2152700000
    0.4265800000        2.7360400000        1.1827200000
    0.4315200000        2.7824200000        1.1443000000
    0.4365200000        2.8210300000        1.1020500000
    0.4415700000        2.8516600000        1.0580100000
    0.4466800000        2.8746000000        1.0141200000
    0.4518600000        2.8905600000        0.9721300000
    0.4570900000        2.9006400000        0.9335200000
    0.4623800000        2.9062000000        0.8995900000
    0.4677400000        2.9090100000        0.8712800000
    0.4731500000        2.9112500000        0.8492200000
    0.4786300000        2.9156600000        0.8332600000
    0.4841700000        2.9253400000        0.8220300000
    0.4897800000        2.9430100000        0.8122200000
    0.4954500000        2.9694000000        0.7985500000
    0.5011900000        3.0015500000        0.7753700000
    0.5069900000        3.0329800000        0.7399700000
    0.5128600000        3.0569700000        0.6944500000
    0.5188000000        3.0699700000        0.6441900000
    0.5248100000        3.0723800000        0.5945800000
    0.5308800000        3.0667100000        0.5489500000
    0.5370300000        3.0558000000        0.5085900000
    0.5432500000        3.0419200000        0.4735000000
    0.5495400000        3.0266200000        0.4431400000
    0.5559000000        3.0108600000        0.4167700000
    0.5623400000        2.9952000000        0.3937400000
    0.5688500000        2.9799500000        0.3734400000
    0.5754400000        2.9652800000        0.3554100000
    0.5821000000        2.9512500000        0.3392600000
    0.5888400000        2.9378700000        0.3246900000
    0.5956600000        2.9251500000        0.3114600000
    0.6025600000        2.9130700000        0.2993700000
    0.6095400000        2.9015700000        0.2882700000
    0.6166000000        2.8906400000        0.2780100000
    0.6237300000        2.8802400000        0.2685200000
    0.6309600000        2.8703300000        0.2596800000
    0.6382600000        2.8608900000        0.2514200000
    0.6456500000        2.8518800000        0.2436900000
    0.6531300000        2.8432800000        0.2364400000
    0.6606900000        2.8350500000        0.2296000000
    0.6683400000        2.8271900000        0.2231500000
    0.6760800000        2.8196600000        0.2170500000
    0.6839100000        2.8124300000        0.2112700000
    0.6918300000        2.8055200000        0.2057900000
    0.6998400000        2.7988800000        0.2005700000
    0.7079500000        2.7925000000        0.1956000000
    0.7161400000        2.7863700000        0.1908500000
    0.7244400000        2.7804800000        0.1863300000
    0.7328200000        2.7748100000        0.1820000000
    0.7413100000        2.7693500000        0.1778500000
    0.7498900000        2.7641000000        0.1738700000
    0.7585800000        2.7590300000        0.1700500000
    0.7673600000        2.7541500000        0.1663800000
    0.7762500000        2.7494300000        0.1628500000
    0.7852400000        2.7448800000        0.1594500000
    0.7943300000        2.7404900000        0.1561800000
    0.8035300000        2.7362400000        0.1530200000
    0.8128300000        2.7321400000        0.1499800000
    0.8222400000        2.7281800000        0.1470300000
    0.8317600000        2.7243400000        0.1441800000
    0.8414000000        2.7206300000        0.1414300000
    0.8511400000        2.7170300000        0.1387700000
    0.8609900000        2.7135500000        0.1361900000
    0.8709600000        2.7101800000        0.1336800000
    0.8810500000        2.7069200000        0.1312600000
    0.8912500000        2.7037500000        0.1289100000
    0.9015700000        2.7006800000        0.1266200000
    0.9120100000        2.6977000000        0.1244000000
    0.9225700000        2.6948200000        0.1222500000
    0.9332500000        2.6920100000        0.1201500000
    0.9440600000        2.6892900000        0.1181100000
    0.9549900000        2.6866400000        0.1161200000
    0.9660500000        2.6840800000        0.1141900000
    0.9772400000        2.6815800000        0.1123000000
    0.9885500000        2.6791500000        0.1104600000
    1.0000000000        2.6767900000        0.1086800000
    1.0115800000        2.6745000000        0.1069300000
    1.0232900000        2.6722600000        0.1052200000
    1.0351400000        2.6700900000        0.1035600000
    1.0471300000        2.6679800000        0.1019300000
    1.0592500000        2.6659200000        0.1003500000
    1.0715200000        2.6639200000        0.0988000000
    1.0839300000        2.6619600000        0.0972900000
    1.0964800000        2.6600600000        0.0958100000
    1.1091700000        2.6582100000        0.0943600000
    1.1220200000        2.6564000000        0.0929500000
    1.1350100000        2.6546300000        0.0915600000
    1.1481500000        2.6529200000        0.0902100000
    1.1614500000        2.6512400000        0.0888700000
    1.1749000000        2.6496100000        0.0875700000
    1.1885000000        2.6480100000        0.0863000000
    1.2022600000        2.6464400000        0.0850500000
    1.2161900000        2.6449200000        0.0838300000
    1.2302700000        2.6434300000        0.0826300000
    1.2445100000        2.6419700000        0.0814600000
    1.2589300000        2.6405500000        0.0803100000
    1.2735000000        2.6391600000        0.0791800000
    1.2882500000        2.6378000000        0.0780700000
    1.3031700000        2.6364700000        0.0769900000
    1.3182600000        2.6351700000        0.0759200000
    1.3335200000        2.6338900000        0.0748700000
    1.3489600000        2.6326400000        0.0738400000
    1.3645800000        2.6314200000        0.0728300000
    1.3803800000        2.6302200000        0.0718500000
    1.3963700000        2.6290400000        0.0708700000
    1.4125400000        2.6278800000        0.0699200000
    1.4288900000        2.6267500000        0.0689700000
    1.4454400000        2.6256400000        0.0680500000
    1.4621800000        2.6245500000        0.0671500000
    1.4791100000        2.6234800000        0.0662600000
    1.4962400000        2.6224200000        0.0653800000
    1.5135600000        2.6213900000        0.0645200000
    1.5310900000        2.6203700000        0.0636800000
    1.5488200000        2.6193700000        0.0628400000
    1.5667500000        2.6183800000        0.0620200000
    1.5848900000        2.6174200000        0.0612200000
    1.6032500000        2.6164600000        0.0604300000
    1.6218100000        2.6155200000        0.0596400000
    1.6405900000        2.6146000000        0.0588800000
    1.6595900000        2.6136700000        0.0581300000
    1.6788000000        2.6127700000        0.0573800000
    1.6982400000        2.6118800000        0.0566500000
    1.7179100000        2.6110000000        0.0559300000
    1.7378000000        2.6101300000        0.0552200000
    1.7579200000        2.6092600000        0.0545300000
    1.7782800000        2.6084100000        0.0538400000
    1.7988700000        2.6075700000        0.0531600000
    1.8197000000        2.6067400000        0.0525000000
    1.8407700000        2.6059200000        0.0518400000
    1.8620900000        2.6051000000        0.0512000000
    1.8836500000        2.6042800000        0.0505600000
    1.9054600000        2.6034800000        0.0499300000
    1.9275200000        2.6026800000        0.0493100000
    1.9498400000        2.6018700000        0.0487100000
    1.9724200000        2.6010800000        0.0481000000
    1.9952600000        2.6003000000        0.0475100000
    2.0183700000        2.5995100000        0.0469300000
    2.0417400000        2.5987400000        0.0463600000
    2.0653800000        2.5979600000        0.0457900000
    2.0893000000        2.5971800000        0.0452400000
    2.1134900000        2.5964100000        0.0446900000
    2.1379600000        2.5956400000        0.0441500000
    2.1627200000        2.5948700000        0.0436200000
    2.1877600000        2.5941000000        0.0430900000
    2.2130900000        2.5933300000        0.0425700000
    2.2387200000        2.5925500000        0.0420600000
    2.2646400000        2.5917900000        0.0415500000
    2.2908700000        2.5910100000        0.0410600000
    2.3173900000        2.5902400000        0.0405700000
    2.3442300000        2.5894600000        0.0400900000
    2.3713700000        2.5886900000        0.0396100000
    2.3988300000        2.5879000000        0.0391400000
    2.4266100000        2.5871100000        0.0386800000
    2.4547100000        2.5863300000        0.0382200000
    2.4831300000        2.5855300000        0.0377700000
    2.5118900000        2.5847300000        0.0373300000
    2.5409700000        2.5839300000        0.0368900000
    2.5704000000        2.5831200000        0.0364600000
    2.6001600000        2.5823000000        0.0360300000
    2.6302700000        2.5814800000        0.0356100000
    2.6607300000        2.5806500000        0.0352000000
    2.6915300000        2.5798100000        0.0347900000
    2.7227000000        2.5789600000        0.0343900000
    2.7542300000        2.5781100000        0.0339900000
    2.7861200000        2.5772500000        0.0335900000
    2.8183800000        2.5763700000        0.0332100000
    2.8510200000        2.5754900000        0.0328300000
    2.8840300000        2.5745900000        0.0324500000
    2.9174300000        2.5736800000        0.0320800000
    2.9512100000        2.5727700000        0.0317200000
    2.9853800000        2.5718300000        0.0313600000
    3.0199500000        2.5708900000        0.0310000000
    3.0549200000        2.5699300000        0.0306500000
    3.0903000000        2.5689500000        0.0303000000
    3.1260800000        2.5679700000        0.0299600000
    3.1622800000        2.5669700000        0.0296300000
    3.1989000000        2.5659500000        0.0293000000
    3.2359400000        2.5649200000        0.0289700000
    3.2734100000        2.5638700000        0.0286500000
    3.3113100000        2.5628000000        0.0283300000
    3.3496500000        2.5617100000        0.0280200000
    3.3884400000        2.5606000000        0.0277100000
    3.4276800000        2.5594800000        0.0274100000
    3.4673700000        2.5583400000        0.0271100000
    3.5075200000        2.5571700000        0.0268100000
    3.5481300000        2.5559800000        0.0265200000
    3.5892200000        2.5547700000        0.0262300000
    3.6307800000        2.5535400000        0.0259500000
    3.6728200000        2.5522800000        0.0256700000
    3.7153500000        2.5510000000        0.0253900000
    3.7583700000        2.5496900000        0.0251300000
    3.8018900000        2.5483500000        0.0248500000
    3.8459200000        2.5469900000        0.0245900000
    3.8904500000        2.5456000000        0.0243400000
    3.9355000000        2.5441800000        0.0240800000
    3.9810700000        2.5427300000        0.0238300000
    4.0271700000        2.5412500000        0.0235900000
    4.0738000000        2.5397400000        0.0233400000
    4.1209800000        2.5382000000        0.0231100000
    4.1686900000        2.5366200000        0.0228800000
    4.2169700000        2.5350100000        0.0226300000
    4.2658000000        2.5333600000        0.0224100000
    4.3151900000        2.5316700000        0.0221900000
    4.3651600000        2.5299400000        0.0219700000
    4.4157000000        2.5281800000        0.0217500000
    4.4668400000        2.5263800000        0.0215400000
    4.5185600000        2.5245300000        0.0213300000
    4.5708800000        2.5226500000        0.0211200000
    4.6238100000        2.5207200000        0.0209300000
    4.6773500000        2.5187400000        0.0207300000
    4.7315100000        2.5167200000        0.0205400000
    4.7863000000        2.5146400000        0.0203500000
    4.8417200000        2.5125200000        0.0201700000
    4.8977900000        2.5103500000        0.0199800000
    4.9545000000        2.5081200000        0.0198000000
    5.0118700000        2.5058500000        0.0196400000
    5.0699100000        2.5035100000        0.0194600000
    5.1286100000        2.5011100000        0.0193000000
    5.1880000000        2.4986600000        0.0191400000
    5.2480700000        2.4961400000        0.0189800000
    5.3088400000        2.4935700000        0.0188200000
    5.3703200000        2.4909200000        0.0186700000
    5.4325000000        2.4882100000        0.0185300000
    5.4954100000        2.4854400000        0.0183900000
    5.5590400000        2.4825900000        0.0182500000
    5.6234100000        2.4796600000        0.0181200000
    5.6885300000        2.4766700000        0.0180000000
    5.7544000000        2.4735900000        0.0178700000
    5.8210300000        2.4704300000        0.0177500000
    5.8884400000        2.4671800000        0.0176400000
    5.9566200000        2.4638600000        0.0175200000
    6.0256000000        2.4604500000        0.0174200000
    6.0953700000        2.4569400000        0.0173200000
    6.1659500000        2.4533300000        0.0172200000
    6.2373500000        2.4496300000        0.0171300000
    6.3095700000        2.4458400000        0.0170500000
    6.3826300000        2.4419300000        0.0169700000
    6.4565400000        2.4379200000        0.0168900000
    6.5313100000        2.4338000000        0.0168200000
    6.6069300000        2.4295600000        0.0167600000
    6.6834400000        2.4252100000        0.0167100000
    6.7608300000        2.4207300000        0.0166500000
    6.8391200000        2.4161200000        0.0166100000
    6.9183100000        2.4113800000        0.0165700000
    6.9984200000        2.4065100000        0.0165400000
    7.0794600000        2.4015000000        0.0165100000
    7.1614300000        2.3963500000        0.0164900000
    7.2443600000        2.3910300000        0.0164900000
    7.3282500000        2.3855700000        0.0164800000
    7.4131000000        2.3799300000        0.0164900000
    7.4989400000        2.3741400000        0.0165000000
    7.5857800000        2.3681700000        0.0165200000
    7.6736100000        2.3620200000        0.0165600000
    7.7624700000        2.3556800000        0.0166000000
    7.8523600000        2.3491400000        0.0166500000
    7.9432800000        2.3424000000        0.0167100000
    8.0352600000        2.3354500000        0.0167800000
    8.1283100000        2.3282900000        0.0168700000
    8.2224300000        2.3208900000        0.0169600000
    8.3176400000        2.3132600000        0.0170700000
    8.4139500000        2.3053700000        0.0171900000
    8.5113800000        2.2972400000        0.0173300000
    8.6099400000        2.2888300000        0.0174800000
    8.7096400000        2.2801400000        0.0176500000
    8.8104900000        2.2711600000        0.0178300000
    8.9125100000        2.2618700000        0.0180300000
    9.0157100000        2.2522700000        0.0182500000
    9.1201100000        2.2423400000        0.0184900000
    9.2257100000        2.2320400000        0.0187600000
    9.3325400000        2.2213900000        0.0190300000
    9.4406100000        2.2103500000        0.0193400000
    9.5499300000        2.1989000000        0.0196800000
    9.6605100000        2.1870400000        0.0200500000
    9.7723700000        2.1747500000        0.0204400000
    9.8855300000        2.1619500000        0.0208600000
   10.0000000000        2.1486800000        0.0213200000
   10.1157900000        2.1349000000        0.0218200000
   10.2329300000        2.1205800000        0.0223500000
   10.3514200000        2.1056500000        0.0229300000
   10.4712900000        2.0901300000        0.0235600000
   10.5925400000        2.0739600000        0.0242400000
   10.7151900000        2.0570800000        0.0249800000
   10.8392700000        2.0395100000        0.0257800000
   10.9647800000        2.0211200000        0.0266400000
   11.0917500000        2.0019300000        0.0275800000
   11.2201800000        1.9818500000        0.0286000000
   11.3501100000        1.9608100000        0.0297200000
   11.4815400000        1.9387800000        0.0309300000
   11.6144900000        1.9156200000        0.0322600000
   11.7489800000        1.8913400000        0.0337100000
   11.8850200000        1.8657400000        0.0353000000
   12.0226400000        1.8387900000        0.0370600000
   12.1618600000        1.8103700000        0.0389900000
   12.3026900000        1.7802600000        0.0411400000
   12.4451500000        1.7485200000        0.0435000000
   12.5892500000        1.7146300000        0.0461700000
   12.7350300000        1.6786900000        0.0491400000
   12.8825000000        1.6404700000        0.0524700000
   13.0316700000        1.5993300000        0.0562900000
   13.1825700000        1.5553800000        0.0606100000
   13.3352100000        1.5082300000        0.0655400000
   13.4896300000        1.4567900000        0.0713600000
   13.6458300000        1.4011000000        0.0781500000
   13.8038400000        1.3404900000        0.0861600000
   13.9636800000        1.2737700000        0.0958600000
   14.1253800000        1.1992000000        0.1080400000
   14.2889400000        1.1159000000        0.1234400000
   14.4544000000        1.0217500000        0.1436100000
   14.6217700000        0.9138000000        0.1713000000
   14.7910800000        0.7868100000        0.2135100000
   14.9623600000        0.6380800000        0.2858000000
   15.1356100000        0.4838000000        0.4101700000
   15.3108700000        0.3647800000        0.5856900000
   15.4881700000        0.2976800000        0.7733900000
   15.6675100000        0.2634800000        0.9499100000
   15.8489300000        0.2460500000        1.1144400000
   16.0324500000        0.2380400000        1.2708600000
   16.2181000000        0.2363200000        1.4226400000
   16.4059000000        0.2396800000        1.5726700000
   16.5958700000        0.2474100000        1.7234500000
   16.7880400000        0.2597000000        1.8771500000
   16.9824400000        0.2772400000        2.0359300000
   17.1790800000        0.3013100000        2.2022100000
   17.3780100000        0.3340400000        2.3788100000
   17.5792400000        0.3789100000        2.5691600000
   17.7827900000        0.4417100000        2.7774400000
   17.9887100000        0.5322800000        3.0086400000
   18.1970100000        0.6679700000        3.2675600000
   18.4077200000        0.8798400000        3.5551900000
   18.6208700000        1.2393200000        3.8499500000
   18.8364900000        1.8312400000        4.0298000000
   19.0546100000        2.5694200000        3.8044000000
   19.2752500000        2.9904300000        3.1343300000
   19.4984500000        2.9128400000        2.4343300000
   19.7242300000        2.5052900000        1.9829000000
   19.9526200000        1.9926600000        1.8393300000
   20.1836600000        1.5127500000        1.9525200000
   20.4173800000        1.1523800000        2.2564500000
   20.6538000000        0.9685200000        2.6501800000
   20.8929600000        0.8939600000        3.0616400000
   21.1348900000        0.8987900000        3.4907900000
   21.3796200000        0.9778900000        3.9482300000
   21.6271900000        1.1410500000        4.4482300000
   21.8776200000        1.4307300000        5.0155300000
   22.1309500000        2.0087500000        5.6655600000
   22.3872100000        3.0443400000        6.2204900000
   22.6464400000        4.4871300000        6.2759800000
   22.9086800000        6.2053900000        5.4609400000
   23.1739500000        6.5407400000        3.7345700000
   23.4422900000        6.2692100000        2.5176700000
   23.7137400000        5.7212900000        1.7072800000
   23.9883300000        5.1637200000        1.2534900000
   24.2661000000        4.7004700000        1.0205600000
   24.5470900000        4.2824000000        0.8579800000
   24.8313300000        3.9025600000        0.7514900000
   25.1188600000        3.5591000000        0.6973900000
   25.4097300000        3.2262700000        0.6725200000
   25.7039600000        2.8966500000        0.6704000000
   26.0016000000        2.5604900000        0.7027300000
   26.3026800000        2.2025300000        0.7842500000
   26.6072500000        1.8329800000        0.9124400000
   26.9153500000        1.4514600000        1.1560400000
   27.2270100000        1.1498400000        1.4963500000
   27.5422900000        0.9022700000        1.8920200000
   27.8612100000        0.7943900000        2.2937900000
   28.1838300000        0.7181600000        2.6838000000
   28.5101800000        0.6806800000        3.0594100000
   28.8403200000        0.6736400000        3.4294300000
   29.1742700000        0.6777800000        3.8002300000
   29.5120900000        0.7069500000        4.1838200000
   29.8538300000        0.7502800000        4.5841700000
   30.1995200000        0.8118500000        5.0060800000
   30.5492100000        0.9068700000        5.4763900000
   30.9029500000        1.0162200000        5.9674500000
   31.2607900000        1.2065300000        6.5668500000
   31.6227800000        1.4261600000        7.1978300000
   31.9889500000        1.8180900000        8.0019900000
   32.3593700000        2.3581800000        8.8830100000
   32.7340700000        3.2998000000        9.9723600000
   33.1131100000        4.8601400000       10.9002600000
   33.4965400000        7.4247700000       11.5660700000
   33.8844200000        9.7789200000       10.7297800000
   34.2767800000       11.8768000000        8.0646600000
   34.6736900000       12.6091300000        5.7756200000
   35.0751900000       11.8431700000        3.8992300000
   35.4813400000       11.0772100000        2.5849900000
   35.8921900000       10.3112500000        1.9394700000
   36.3078100000        9.6445200000        1.4398500000
   36.7282300000        9.1339200000        1.1698100000
   37.1535200000        8.6659000000        0.9359400000
   37.5837400000        8.3129800000        0.7998900000
   38.0189400000        7.9691000000        0.6696100000
   38.4591800000        7.7079600000        0.5921700000
   38.9045100000        7.4468200000        0.5147300000
   39.3550100000        7.2294900000        0.4635000000
   39.8107200000        7.0186400000        0.4161500000
   40.2717000000        6.8121600000        0.3799600000
   40.7380300000        6.6087900000        0.3516800000
   41.2097500000        6.3591500000        0.3329200000
   41.6869400000        5.9609800000        0.3447100000
   42.1696500000        5.5628100000        0.3564900000
   42.6579500000        6.1772300000        0.3248400000
   43.1519100000        7.0069700000        0.2839500000
   43.6515800000        7.4144200000        0.2463600000
   44.1570400000        7.0122900000        0.2151000000
   44.6683600000        6.6101600000        0.1838400000
   45.1855900000        6.4292100000        0.1697700000
   45.7088200000        6.3077900000        0.1603200000
   46.2381000000        6.1933900000        0.1512400000
   46.7735100000        6.1170600000        0.1442000000
   47.3151300000        6.0407400000        0.1371500000
   47.8630100000        5.9729200000        0.1307400000
   48.4172400000        5.9158900000        0.1251600000
   48.9778800000        5.8588500000        0.1195700000
   49.5450200000        5.8091600000        0.1146700000
   50.1187200000        5.7636200000        0.1101600000
   50.6990700000        5.7180900000        0.1056500000
   51.2861400000        5.6784800000        0.1017500000
   51.8800000000        5.6409200000        0.0980500000
   52.4807500000        5.6033700000        0.0943600000
   53.0884400000        5.5703000000        0.0911500000
   53.7031800000        5.5387500000        0.0881000000
   54.3250300000        5.5071900000        0.0850500000
   54.9540900000        5.4787000000        0.0823300000
   55.5904300000        5.4518800000        0.0798000000
   56.2341300000        5.4250600000        0.0772600000
   56.8852900000        5.3998900000        0.0749000000
   57.5439900000        5.3769200000        0.0727600000
   58.2103200000        5.3539500000        0.0706300000
   58.8843700000        5.3312600000        0.0685200000
   59.5662100000        5.3114800000        0.0667200000
   60.2559600000        5.2917000000        0.0649200000
   60.9536900000        5.2719200000        0.0631200000
   61.6595000000        5.2537800000        0.0614800000
   62.3734800000        5.2366900000        0.0599500000
   63.0957300000        5.2196000000        0.0584200000
   63.8263500000        5.2025100000        0.0568900000
   64.5654200000        5.1876800000        0.0555800000
   65.3130600000        5.1728700000        0.0542600000
   66.0693400000        5.1580700000        0.0529500000
   66.8343900000        5.1436800000        0.0516800000
   67.6083000000        5.1308400000        0.0505500000
   68.3911600000        5.1180000000        0.0494300000
   69.1831000000        5.1051600000        0.0483000000
   69.9842000000        5.0927700000        0.0472200000
   70.7945800000        5.0816300000        0.0462500000
   71.6143400000        5.0704900000        0.0452800000
   72.4436000000        5.0593500000        0.0443100000
   73.2824500000        5.0484100000        0.0433600000
   74.1310200000        5.0387500000        0.0425200000
   74.9894200000        5.0290900000        0.0416800000
   75.8577600000        5.0194300000        0.0408300000
   76.7361500000        5.0097800000        0.0399900000
   77.6247100000        5.0011400000        0.0392400000
   78.5235600000        4.9927800000        0.0385100000
   79.4328200000        4.9844200000        0.0377700000
   80.3526100000        4.9760600000        0.0370400000
   81.2830500000        4.9679400000        0.0363400000
   82.2242600000        4.9607200000        0.0357000000
   83.1763800000        4.9534900000        0.0350700000
   84.1395100000        4.9462700000        0.0344400000
   85.1138000000        4.9390500000        0.0338100000
   86.0993800000        4.9322200000        0.0332000000
   87.0963600000        4.9260000000        0.0326500000
   88.1048900000        4.9197800000        0.0320900000
   89.1250900000        4.9135600000        0.0315300000
   90.1571100000        4.9073400000        0.0309700000
   91.2010800000        4.9013700000        0.0304400000
   92.2571400000        4.8960400000        0.0299500000
   93.3254300000        4.8907000000        0.0294600000
   94.4060900000        4.8853700000        0.0289800000
   95.4992600000        4.8800400000        0.0284900000
   96.6050900000        4.8747000000        0.0280100000
   97.7237200000        4.8700300000        0.0275700000
   98.8553100000        4.8654900000        0.0271500000
  100.0000000000        4.8609400000        0.0267300000
  101.1579500000        4.8563900000        0.0263000000
  102.3293000000        4.8518400000        0.0258800000
  103.5142200000        4.8473300000        0.0254600000
  104.7128500000        4.8434700000        0.0250900000
  105.9253700000        4.8396200000        0.0247200000
  107.1519300000        4.8357600000        0.0243500000
  108.3926900000        4.8319000000        0.0239800000
  109.6478200000        4.8280500000        0.0236200000
  110.9174800000        4.8241900000        0.0232500000
  112.2018500000        4.8208600000        0.0229100000
  113.5010800000        4.8176200000        0.0225900000
  114.8153600000        4.8143700000        0.0222600000
  116.1448600000        4.8111300000        0.0219400000
  117.4897600000        4.8078900000        0.0216100000
  118.8502200000        4.8046500000        0.0212800000
  120.2264400000        4.8014900000        0.0209600000
  121.6186000000        4.7987900000        0.0206800000
  123.0268800000        4.7960900000        0.0204000000
  124.4514600000        4.7933900000        0.0201200000
  125.8925400000        4.7906900000        0.0198300000
  127.3503100000        4.7879900000        0.0195500000
  128.8249600000        4.7852900000        0.0192700000
  130.3166800000        4.7825900000        0.0189800000
  131.8256700000        4.7803300000        0.0187400000
  133.3521400000        4.7781100000        0.0184900000
  134.8962900000        4.7758800000        0.0182500000
  136.4583100000        4.7736600000        0.0180000000
  138.0384300000        4.7714400000        0.0177600000
  139.6368400000        4.7692200000        0.0175100000
  141.2537500000        4.7669900000        0.0172700000
  142.8894000000        4.7647800000        0.0170300000
  144.5439800000        4.7629800000        0.0168100000
  146.2177200000        4.7611700000        0.0166000000
  147.9108400000        4.7593700000        0.0163800000
  149.6235700000        4.7575600000        0.0161700000
  151.3561200000        4.7557600000        0.0159500000
  153.1087500000        4.7539600000        0.0157400000
  154.8816600000        4.7521500000        0.0155200000
  156.6751100000        4.7503500000        0.0153100000
  158.4893200000        4.7486600000        0.0151000000
  160.3245400000        4.7472300000        0.0149200000
  162.1810100000        4.7457900000        0.0147300000
  164.0589800000        4.7443600000        0.0145500000
  165.9586900000        4.7429200000        0.0143700000
  167.8804000000        4.7414900000        0.0141800000
  169.8243700000        4.7400500000        0.0140000000
  171.7908400000        4.7386100000        0.0138200000
  173.7800800000        4.7371800000        0.0136300000
  175.7923600000        4.7357400000        0.0134500000
  177.8279400000        4.7345200000        0.0132900000
  179.8870900000        4.7334000000        0.0131300000
  181.9700900000        4.7322800000        0.0129700000
  184.0772000000        4.7311700000        0.0128100000
  186.2087100000        4.7300500000        0.0126600000
  188.3649100000        4.7289300000        0.0125000000
  190.5460700000        4.7278100000        0.0123400000
  192.7524900000        4.7267000000        0.0121800000
  194.9844600000        4.7255800000        0.0120300000
  197.2422700000        4.7244600000        0.0118700000
  199.5262300000        4.7233400000        0.0117100000
  201.8366400000        4.7224400000        0.0115700000
  204.1737900000        4.7216000000        0.0114400000
  206.5380200000        4.7207500000        0.0113000000
  208.9296100000        4.7199100000        0.0111700000
  211.3489000000        4.7190600000        0.0110400000
  213.7962100000        4.7182200000        0.0109000000
  216.2718500000        4.7173700000        0.0107700000
  218.7761600000        4.7165300000        0.0106300000
  221.3094700000        4.7156800000        0.0105000000
  223.8721100000        4.7148400000        0.0103600000
  226.4644300000        4.7139900000        0.0102300000
  229.0867700000        4.7131500000        0.0101000000
  231.7394600000        4.7123900000        0.0099700000
  234.4228800000        4.7117700000        0.0098600000
  237.1373700000        4.7111600000        0.0097500000
  239.8832900000        4.7105500000        0.0096400000
  242.6610100000        4.7099300000        0.0095300000
  245.4708900000        4.7093200000        0.0094200000
  248.3133100000        4.7087100000        0.0093000000
  251.1886400000        4.7080900000        0.0091900000
  254.0972700000        4.7074800000        0.0090800000
  257.0395800000        4.7068700000        0.0089700000
  260.0159600000        4.7062500000        0.0088600000
  263.0268000000        4.7056400000        0.0087500000
  266.0725100000        4.7050300000        0.0086400000
  269.1534800000        4.7044100000        0.0085300000
  272.2701300000        4.7038000000        0.0084200000
  275.4228700000        4.7033500000        0.0083200000
  278.6121200000        4.7029300000        0.0082300000
  281.8382900000        4.7025100000        0.0081300000
  285.1018300000        4.7020900000        0.0080400000
  288.4031500000        4.7016600000        0.0079500000
  291.7427000000        4.7012400000        0.0078500000
  295.1209200000        4.7008200000        0.0077600000
  298.5382600000        4.7004000000        0.0076700000
  301.9951700000        4.6999800000        0.0075700000
  305.4921100000        4.6995600000        0.0074800000
  309.0295400000        4.6991300000        0.0073900000
  312.6079400000        4.6987100000        0.0072900000
  316.2277700000        4.6982900000        0.0072000000
  319.8895100000        4.6978700000        0.0071000000
  323.5936600000        4.6974500000        0.0070100000
  327.3406900000        4.6970300000        0.0069200000
  331.1311200000        4.6966000000        0.0068200000
  334.9654400000        4.6962500000        0.0067400000
  338.8441600000        4.6959800000        0.0066700000
  342.7677900000        4.6957100000        0.0066000000
  346.7368500000        4.6954500000        0.0065300000
  350.7518700000        4.6951800000        0.0064600000
  354.8133900000        4.6949100000        0.0063900000
  358.9219300000        4.6946400000        0.0063300000
  363.0780500000        4.6943800000        0.0062600000
  367.2823000000        4.6941100000        0.0061900000
  371.5352300000        4.6938400000        0.0061200000
  375.8374000000        4.6935800000        0.0060500000
  380.1894000000        4.6933100000        0.0059800000
  384.5917800000        4.6930400000        0.0059100000
  389.0451400000        4.6927800000        0.0058400000
  393.5500800000        4.6925100000        0.0057700000
  398.1071700000        4.6922400000        0.0057000000
  402.7170300000        4.6919700000        0.0056300000
  407.3802800000        4.6917100000        0.0055600000
  412.0975200000        4.6914400000        0.0055000000
  416.8693800000        4.6911700000        0.0054300000
  421.6965000000        4.6909100000        0.0053600000
  426.5795200000        4.6906400000        0.0052900000
  431.5190800000        4.6904400000        0.0052300000
  436.5158300000        4.6902900000        0.0051800000
  441.5704500000        4.6901400000        0.0051300000
  446.6835900000        4.6900000000        0.0050800000
  451.8559400000        4.6898500000        0.0050300000
  457.0881900000        4.6897000000        0.0049800000
  462.3810200000        4.6895500000        0.0049300000
  467.7351400000        4.6894000000        0.0048800000
  473.1512600000        4.6892500000        0.0048200000
  478.6300900000        4.6891000000        0.0047700000
  484.1723700000        4.6889500000        0.0047200000
  489.7788200000        4.6888000000        0.0046700000
  495.4501900000        4.6886600000        0.0046200000
  501.1872300000        4.6885100000        0.0045700000
  506.9907100000        4.6883600000        0.0045200000
  512.8613800000        4.6882100000        0.0044700000
  518.8000400000        4.6880600000        0.0044200000
  524.8074600000        4.6879100000        0.0043700000
  530.8844400000        4.6877600000        0.0043200000
  537.0318000000        4.6876100000        0.0042700000
  543.2503300000        4.6874600000        0.0042200000
  549.5408700000        4.6873200000        0.0041700000
  555.9042600000        4.6871700000        0.0041200000
  562.3413300000        4.6870200000        0.0040700000
  568.8529300000        4.6868700000        0.0040100000
  575.4399400000        4.6867200000        0.0039600000
  582.1032200000        4.6865700000        0.0039100000
  588.8436600000        4.6864200000        0.0038600000
  595.6621400000        4.6862700000        0.0038100000
  602.5595900000        4.6861600000        0.0037700000
  609.5369000000        4.6860900000        0.0037300000
  616.5950000000        4.6860300000        0.0036900000
  623.7348400000        4.6859600000        0.0036600000
  630.9573400000        4.6859000000        0.0036200000
  638.2634900000        4.6858300000        0.0035900000
  645.6542300000        4.6857700000        0.0035500000
  653.1305500000        4.6857000000        0.0035100000
  660.6934500000        4.6856300000        0.0034800000
  668.3439200000        4.6855700000        0.0034400000
  676.0829800000        4.6855000000        0.0034100000
  683.9116500000        4.6854400000        0.0033700000
  691.8309700000        4.6853700000        0.0033300000
  699.8420000000        4.6853100000        0.0033000000
  707.9457800000        4.6852400000        0.0032600000
  716.1434100000        4.6851800000        0.0032300000
  724.4359600000        4.6851100000        0.0031900000
  732.8245300000        4.6850500000        0.0031500000
  741.3102400000        4.6849800000        0.0031200000
  749.8942100000        4.6849200000        0.0030800000
  758.5775800000        4.6848500000        0.0030500000
  767.3614900000        4.6847900000        0.0030100000
  776.2471200000        4.6847200000        0.0029700000
  785.2356300000        4.6846600000        0.0029400000
  794.3282300000        4.6845900000        0.0029000000
  803.5261200000        4.6845300000        0.0028700000
  812.8305200000        4.6844600000        0.0028300000
  822.2426500000        4.6844000000        0.0027900000
  831.7637700000        4.6843300000        0.0027600000
  841.3951400000        4.6842700000        0.0027200000
  851.1380400000        4.6842000000        0.0026800000
  860.9937500000        4.6841400000        0.0026500000
  870.9635900000        4.6840700000        0.0026100000
  881.0488700000        4.6840100000        0.0025800000
  891.2509400000        4.6839400000        0.0025400000
  901.5711400000        4.6838800000        0.0025000000
  912.0108400000        4.6838100000        0.0024700000
  922.5714300000        4.6837500000        0.0024300000
  933.2543000000        4.6836800000        0.0024000000
  944.0608800000        4.6836200000        0.0023600000
  954.9925900000        4.6835500000        0.0023200000
  966.0508800000        4.6834900000        0.0022900000
  977.2372200000        4.6834200000        0.0022500000
  988.5530900000        4.6833600000        0.0022200000
 1000.0000000000        4.6832900000        0.0021800000
