 580     wl [mu]                   n                   k
    0.0021160000       -0.0001000000        0.3690000000E-03
    0.0021230000       -0.0001000000        0.3860000000E-03
    0.0021300000       -0.0001000000        0.4060000000E-03
    0.0021380000       -0.0001000000        0.4250000000E-03
    0.0021410000       -0.0001000000        0.4350000000E-03
    0.0021450000       -0.0001000000        0.4420000000E-03
    0.0021530000       -0.0001000000        0.4480000000E-03
    0.0021560000       -0.0001000000        0.4470000000E-03
    0.0021600000       -0.0001000000        0.4410000000E-03
    0.0021640000       -0.0001000000        0.4310000000E-03
    0.0021680000       -0.0001000000        0.4230000000E-03
    0.0021710000       -0.0001000000        0.4290000000E-03
    0.0021750000       -0.0001000000        0.4400000000E-03
    0.0021790000       -0.0001000000        0.4440000000E-03
    0.0021830000       -0.0001000000        0.4390000000E-03
    0.0021850000       -0.0001000000        0.4370000000E-03
    0.0021870000       -0.0001000000        0.4400000000E-03
    0.0021940000       -0.0001000000        0.4500000000E-03
    0.0022020000       -0.0001000000        0.4660000000E-03
    0.0022060000       -0.0001000000        0.4850000000E-03
    0.0022100000       -0.0001000000        0.5270000000E-03
    0.0022140000       -0.0001000000        0.5890000000E-03
    0.0022180000       -0.0001000000        0.6290000000E-03
    0.0022210000       -0.0001000000        0.6350000000E-03
    0.0022220000       -0.0001000000        0.6350000000E-03
    0.0022260000       -0.0001000000        0.6130000000E-03
    0.0022300000       -0.0001000000        0.5530000000E-03
    0.0022340000       -0.0001000000        0.4990000000E-03
    0.0022380000       -0.0001000000        0.4630000000E-03
    0.0022420000       -0.0001000000        0.4270000000E-03
    0.0022440000       -0.0001000000        0.4200000000E-03
    0.0022450000       -0.0001000000        0.4190000000E-03
    0.0022460000       -0.0001000000        0.4200000000E-03
    0.0022500000       -0.0001000000        0.4350000000E-03
    0.0022540000       -0.0001000000        0.4570000000E-03
    0.0022580000       -0.0001000000        0.4970000000E-03
    0.0022600000       -0.0001000000        0.5750000000E-03
    0.0022620000       -0.0001000000        0.6180000000E-03
    0.0022650000       -0.0001000000        0.6510000000E-03
    0.0022670000       -0.0001000000        0.6360000000E-03
    0.0022710000       -0.0001000000        0.5260000000E-03
    0.0022750000       -0.0001000000        0.4320000000E-03
    0.0022770000       -0.0001000000        0.4100000000E-03
    0.0022790000       -0.0001000000        0.4000000000E-03
    0.0022830000       -0.0001000000        0.4620000000E-03
    0.0022880000       -0.0001000000        0.6150000000E-03
    0.0022920000       -0.0001000000        0.8190000000E-03
    0.0022940000       -0.0001000000        0.9500000000E-03
    0.0022960000       -0.0001000000        0.1080000000E-02
    0.0022980000       -0.0001000000        0.1200000000E-02
    0.0022990000       -0.0001000000        0.1240000000E-02
    0.0022990000       -0.0001000000        0.1260000000E-02
    0.0023000000       -0.0001000000        0.1250000000E-02
    0.0023020000       -0.0001000000        0.1180000000E-02
    0.0023050000       -0.0001000000        0.9810000000E-03
    0.0023070000       -0.0001000000        0.8480000000E-03
    0.0023090000       -0.0001000000        0.7410000000E-03
    0.0023110000       -0.0001000000        0.6370000000E-03
    0.0023130000       -0.0001000000        0.5320000000E-03
    0.0023150000       -0.0001000000        0.4280000000E-03
    0.0023170000       -0.0001000000        0.3230000000E-03
    0.0023200000       -0.0001000000        0.2300000000E-03
    0.0023220000       -0.0001000000        0.1750000000E-03
    0.0023260000       -0.0001000000        0.1400000000E-03
    0.0023390000       -0.0001000000        0.1180000000E-03
    0.0023530000       -0.0001000000        0.1080000000E-03
    0.0023660000       -0.0001000000        0.1040000000E-03
    0.0023980000       -0.0001000000        0.1030000000E-03
    0.0024170000       -0.0001000000        0.1020000000E-03
    0.0024450000       -0.0001000000        0.1060000000E-03
    0.0024650000       -0.0001000000        0.1090000000E-03
    0.0102500000       -0.0001000000        0.3300000000E-01
    0.0104600000       -0.0001000000        0.3400000000E-01
    0.0106900000       -0.0001000000        0.3500000000E-01
    0.0108800000       -0.0001000000        0.3600000000E-01
    0.0110700000       -0.0001000000        0.3700000000E-01
    0.0112700000       -0.0001000000        0.3800000000E-01
    0.0114800000       -0.0001000000        0.4000000000E-01
    0.0116400000       -0.0001000000        0.4100000000E-01
    0.0118100000       -0.0001000000        0.4300000000E-01
    0.0119200000       -0.0001000000        0.4500000000E-01
    0.0119800000       -0.0001000000        0.4500000000E-01
    0.0122200000       -0.0001000000        0.4300000000E-01
    0.0124600000       -0.0001000000        0.4500000000E-01
    0.0126500000       -0.0001000000        0.4600000000E-01
    0.0128500000       -0.0001000000        0.4500000000E-01
    0.0130500000       -0.0001000000        0.4500000000E-01
    0.0132600000       -0.0001000000        0.4600000000E-01
    0.0134800000       -0.0001000000        0.4800000000E-01
    0.0137800000       -0.0001000000        0.5100000000E-01
    0.0140100000       -0.0001000000        0.5200000000E-01
    0.0144200000       -0.0001000000        0.5300000000E-01
    0.0146700000       -0.0001000000        0.5400000000E-01
    0.0150300000       -0.0001000000        0.5600000000E-01
    0.0154000000       -0.0001000000        0.6000000000E-01
    0.0155000000       -0.0001000000        0.6100000000E-01
    0.0157900000       -0.0001000000        0.6500000000E-01
    0.0162100000       -0.0001000000        0.6900000000E-01
    0.0165300000        0.9510000000        0.7000000000E-01
    0.0167500000        0.9520000000        0.7000000000E-01
    0.0169800000        0.9540000000        0.6900000000E-01
    0.0172200000        0.9540000000        0.6900000000E-01
    0.0177100000        0.9520000000        0.7400000000E-01
    0.0182300000        0.9520000000        0.7700000000E-01
    0.0187900000        0.9580000000        0.7600000000E-01
    0.0190700000        0.9620000000        0.7300000000E-01
    0.0193700000        0.9640000000        0.6400000000E-01
    0.0196800000        0.9650000000        0.6300000000E-01
    0.0200000000        0.9600000000        0.6400000000E-01
    0.0203300000        0.9500000000        0.6700000000E-01
    0.0206600000        0.9380000000        0.7100000000E-01
    0.0210100000        0.9250000000        0.8100000000E-01
    0.0213800000        0.9260000000        0.1130000000
    0.0217500000        0.9540000000        0.1170000000
    0.0221400000        0.9640000000        0.1050000000
    0.0225400000        0.9640000000        0.1050000000
    0.0227500000        0.9650000000        0.1040000000
    0.0229600000        0.9660000000        0.1060000000
    0.0233900000        0.9750000000        0.1090000000
    0.0238400000        0.9850000000        0.9400000000E-01
    0.0240700000        0.9810000000        0.8200000000E-01
    0.0243100000        0.9720000000        0.7900000000E-01
    0.0248000000        0.9630000000        0.8400000000E-01
    0.0253000000        0.9600000000        0.8300000000E-01
    0.0258300000        0.9550000000        0.8500000000E-01
    0.0263800000        0.9500000000        0.8400000000E-01
    0.0269500000        0.9430000000        0.9000000000E-01
    0.0275500000        0.9400000000        0.8800000000E-01
    0.0281800000        0.9300000000        0.9400000000E-01
    0.0288300000        0.9260000000        0.1030000000
    0.0295200000        0.9240000000        0.1060000000
    0.0302400000        0.9180000000        0.1130000000
    0.0310000000        0.9150000000        0.1230000000
    0.0317900000        0.9160000000        0.1290000000
    0.0326300000        0.9150000000        0.1330000000
    0.0335100000        0.9120000000        0.1380000000
    0.0344400000        0.9090000000        0.1400000000
    0.0349300000        0.9030000000        0.1430000000
    0.0354200000        0.8980000000        0.1530000000
    0.0364700000        0.9020000000        0.1650000000
    0.0375700000        0.9080000000        0.1690000000
    0.0387500000        0.9130000000        0.1660000000
    0.0393600000        0.9130000000        0.1600000000
    0.0399900000        0.9090000000        0.1530000000
    0.0406500000        0.9010000000        0.1450000000
    0.0413300000        0.8870000000        0.1420000000
    0.0427500000        0.8620000000        0.1420000000
    0.0442800000        0.8300000000        0.1420000000
    0.0450900000        0.8060000000        0.1460000000
    0.0459200000        0.7810000000        0.1550000000
    0.0467900000        0.7540000000        0.1680000000
    0.0476900000        0.7240000000        0.1880000000
    0.0486200000        0.6940000000        0.2210000000
    0.0495900000        0.6770000000        0.2640000000
    0.0497900000        0.6750000000        0.2750000000
    0.0499900000        0.6750000000        0.2870000000
    0.0506100000        0.6890000000        0.3030000000
    0.0510200000        0.6920000000        0.3040000000
    0.0514500000        0.6840000000        0.3090000000
    0.0516600000        0.6800000000        0.3130000000
    0.0518800000        0.6780000000        0.3190000000
    0.0523100000        0.6770000000        0.3250000000
    0.0527600000        0.6690000000        0.3280000000
    0.0532100000        0.6580000000        0.3340000000
    0.0539100000        0.6360000000        0.3480000000
    0.0546200000        0.6120000000        0.3650000000
    0.0551000000        0.5890000000        0.3820000000
    0.0558500000        0.5530000000        0.4230000000
    0.0563600000        0.5310000000        0.4640000000
    0.0568700000        0.5220000000        0.5110000000
    0.0574000000        0.5190000000        0.5070000000
    0.0576700000        0.5220000000        0.5860000000
    0.0579400000        0.5260000000        0.6140000000
    0.0582100000        0.5350000000        0.6420000000
    0.0584800000        0.5500000000        0.6690000000
    0.0587600000        0.5680000000        0.6930000000
    0.0590400000        0.5920000000        0.7160000000
    0.0593200000        0.6240000000        0.7230000000
    0.0596100000        0.6450000000        0.7200000000
    0.0599000000        0.6590000000        0.7230000000
    0.0601900000        0.6760000000        0.7100000000
    0.0604800000        0.6730000000        0.7040000000
    0.0607800000        0.6690000000        0.7040000000
    0.0610800000        0.6610000000        0.7070000000
    0.0613800000        0.6510000000        0.7160000000
    0.0619900000        0.6320000000        0.7520000000
    0.0623000000        0.6250000000        0.7860000000
    0.0626200000        0.6350000000        0.8200000000
    0.0629400000        0.6520000000        0.8470000000
    0.0632600000        0.6700000000        0.8710000000
    0.0635800000        0.6910000000        0.8920000000
    0.0639100000        0.7140000000        0.9110000000
    0.0642400000        0.7430000000        0.9300000000
    0.0645800000        0.7760000000        0.9180000000
    0.0649100000        0.7800000000        0.9290000000
    0.0650800000        0.7920000000        0.9290000000
    0.0652500000        0.7980000000        0.9290000000
    0.0656000000        0.8070000000        0.9350000000
    0.0659500000        0.8170000000        0.9440000000
    0.0663000000        0.8280000000        0.9550000000
    0.0666600000        0.8420000000        0.9690000000
    0.0670200000        0.8590000000        0.9820000000
    0.0675700000        0.8870000000        0.9960000000
    0.0681200000        0.9150000000        1.0070000000
    0.0685000000        0.9310000000        1.0140000000
    0.0688800000        0.9470000000        1.0230000000
    0.0692600000        0.9640000000        1.0340000000
    0.0696500000        0.9840000000        1.0490000000
    0.0700500000        1.0090000000        1.0640000000
    0.0702500000        1.0250000000        1.0740000000
    0.0704500000        1.0460000000        1.0820000000
    0.0708500000        1.0870000000        1.0740000000
    0.0712600000        1.1190000000        1.0810000000
    0.0716700000        1.1660000000        1.0740000000
    0.0720800000        1.2030000000        1.0430000000
    0.0725100000        1.2240000000        1.0230000000
    0.0729300000        1.2410000000        1.0010000000
    0.0731500000        1.2480000000        1.0010000000
    0.0733600000        1.2650000000        1.0000000000
    0.0738000000        1.3010000000        0.9760000000
    0.0742400000        1.3330000000        0.9410000000
    0.0746900000        1.3410000000        0.8830000000
    0.0751400000        1.3440000000        0.8620000000
    0.0756000000        1.3460000000        0.8100000000
    0.0760600000        1.3370000000        0.7740000000
    0.0765300000        1.3010000000        0.7140000000
    0.0770100000        1.2470000000        0.7050000000
    0.0774900000        1.2140000000        0.7240000000
    0.0779800000        1.1950000000        0.7270000000
    0.0784700000        1.1730000000        0.7360000000
    0.0789700000        1.1600000000        0.7600000000
    0.0799900000        1.1490000000        0.7730000000
    0.0805100000        1.1410000000        0.7880000000
    0.0810400000        1.1350000000        0.7980000000
    0.0815700000        1.1310000000        0.8190000000
    0.0821100000        1.1390000000        0.8350000000
    0.0826600000        1.1470000000        0.8410000000
    0.0832100000        1.1490000000        0.8430000000
    0.0837700000        1.1500000000        0.8520000000
    0.0843400000        1.1490000000        0.8470000000
    0.0849200000        1.1370000000        0.8510000000
    0.0855100000        1.1200000000        0.8640000000
    0.0861000000        1.1150000000        0.8830000000
    0.0867000000        1.1100000000        0.9030000000
    0.0873100000        1.1060000000        0.9190000000
    0.0879300000        1.0940000000        0.9290000000
    0.0885600000        1.0650000000        0.9470000000
    0.0892000000        1.0230000000        0.9940000000
    0.0898400000        0.9900000000        1.0870000000
    0.0901700000        0.9840000000        1.1330000000
    0.0905000000        0.9800000000        1.2180000000
    0.0911600000        1.0540000000        1.3500000000
    0.0915000000        1.1110000000        1.4180000000
    0.0918400000        1.1910000000        1.4710000000
    0.0921800000        1.2830000000        1.4990000000
    0.0925300000        1.3740000000        1.5070000000
    0.0928700000        1.4630000000        1.5030000000
    0.0932200000        1.5490000000        1.4790000000
    0.0935700000        1.6320000000        1.4460000000
    0.0939300000        1.7020000000        1.3800000000
    0.0942800000        1.7440000000        1.3120000000
    0.0946400000        1.7680000000        1.2480000000
    0.0950100000        1.7790000000        1.1930000000
    0.0953700000        1.7860000000        1.1470000000
    0.0957400000        1.7890000000        1.1030000000
    0.0961100000        1.7880000000        1.0650000000
    0.0968600000        1.7790000000        0.9970000000
    0.0984000000        1.7450000000        0.8940000000
    0.0991900000        1.7230000000        0.8580000000
    0.1000000000        1.6940000000        0.8240000000
    0.1025000000        1.6030000000        0.7700000000
    0.1033000000        1.5650000000        0.7650000000
    0.1042000000        1.5200000000        0.7670000000
    0.1051000000        1.4730000000        0.7870000000
    0.1064000000        1.3970000000        0.8390000000
    0.1069000000        1.3700000000        0.8900000000
    0.1078000000        1.3710000000        1.0000000000
    0.1088000000        1.4090000000        1.0810000000
    0.1097000000        1.4680000000        1.1610000000
    0.1107000000        1.5550000000        1.2100000000
    0.1112000000        1.6010000000        1.2200000000
    0.1117000000        1.6460000000        1.2300000000
    0.1127000000        1.7350000000        1.2280000000
    0.1137000000        1.8140000000        1.2020000000
    0.1148000000        1.8770000000        1.1660000000
    0.1181000000        1.9990000000        1.0410000000
    0.1216000000        2.0450000000        0.9210000000
    0.1240000000        2.0610000000        0.8670000000
    0.1265000000        2.0740000000        0.8190000000
    0.1278000000        2.0790000000        0.7980000000
    0.1305000000        2.0910000000        0.7610000000
    0.1333000000        2.1030000000        0.7280000000
    0.1378000000        2.1300000000        0.6790000000
    0.1409000000        2.1470000000        0.6420000000
    0.1459000000        2.1600000000        0.5870000000
    0.1512000000        2.1710000000        0.5450000000
    0.1531000000        2.1680000000        0.5320000000
    0.1550000000        2.1540000000        0.5300000000
    0.1560000000        2.1450000000        0.5390000000
    0.1569000000        2.1370000000        0.5580000000
    0.1579000000        2.1270000000        0.5890000000
    0.1583000000        2.1260000000        0.6110000000
    0.1590000000        2.1320000000        0.6510000000
    0.1600000000        2.1800000000        0.7310000000
    0.1610000000        2.2700000000        0.8130000000
    0.1614000000        2.3270000000        0.8510000000
    0.1619000000        2.3890000000        0.8850000000
    0.1623000000        2.4980000000        0.9360000000
    0.1625000000        2.5740000000        0.9490000000
    0.1627000000        2.6650000000        0.9440000000
    0.1629000000        2.7530000000        0.9120000000
    0.1631000000        2.8390000000        0.8660000000
    0.1634000000        2.9220000000        0.8000000000
    0.1636000000        2.9940000000        0.7110000000
    0.1638000000        3.0480000000        0.6000000000
    0.1640000000        3.0610000000        0.4740000000
    0.1642000000        3.0350000000        0.3600000000
    0.1644000000        2.9990000000        0.2720000000
    0.1647000000        2.9440000000        0.2040000000
    0.1649000000        2.8920000000        0.1490000000
    0.1653000000        2.7930000000        0.7600000000E-01
    0.1658000000        2.7010000000        0.3900000000E-01
    0.1664000000        2.6030000000        0.1800000000E-01
    0.1675000000        2.4940000000        0.2000000000E-02
    0.1687000000        2.4190000000       -0.0001000000
    0.1698000000        2.3630000000       -0.0001000000
    0.1703000000        2.3460000000        0.1360000000E-03
    0.1710000000        2.3190000000       -0.0001000000
    0.1722000000        2.2810000000        0.7600000000E-04
    0.1726000000        2.2690000000        0.6870000000E-04
    0.1734000000        2.2480000000       -0.0001000000
    0.1737000000        2.2410000000        0.5530000000E-04
    0.1746000000        2.2200000000       -0.0001000000
    0.1757000000        2.1980000000        0.4190000000E-04
    0.1759000000        2.1960000000       -0.0001000000
    0.1771000000        2.1760000000        0.3700000000E-04
    0.1797000000        2.1410000000       -0.0001000000
    0.1800000000        2.1380000000        0.2860000000E-04
    0.1823000000        2.1100000000       -0.0001000000
    0.1851000000        2.0840000000        0.2000000000E-04
    0.1879000000        2.0600000000       -0.0001000000
    0.1907000000        2.0390000000        0.1390000000E-04
    0.1937000000        2.0200000000       -0.0001000000
    0.2000000000        1.9860000000        0.1110000000E-04
    0.2066000000        1.9580000000        0.1000000000E-04
    0.2138000000        1.9330000000        0.8500000000E-05
    0.2214000000        1.9110000000        0.7000000000E-05
    0.2254000000        1.9010000000        0.6000000000E-05
    0.2296000000        1.8920000000        0.5000000000E-05
    0.2384000000        1.8740000000        0.3700000000E-05
    0.2436000000        1.8650000000        0.3200000000E-05
    0.2480000000        1.8580000000        0.3100000000E-05
    0.2610000000        1.8400000000       -0.0001000000
    0.2755000000        1.8240000000       -0.0001000000
    0.2917000000        1.8100000000       -0.0001000000
    0.3100000000        1.7980000000       -0.0001000000
    0.3306000000        1.7850000000       -0.0001000000
    0.3511000000        1.7768000000       -0.0001000000
    0.3556000000        1.7755000000        0.8500000000E-06
    0.3609000000        1.7732000000        0.5750000000E-06
    0.3611700000        1.7731800000        0.5650000000E-06
    0.3650200000        1.7718600000        0.4900000000E-06
    0.3821000000        1.7668000000        0.2750000000E-06
    0.3867000000        1.7655000000        0.2450000000E-06
    0.3934000000        1.7638000000        0.2200000000E-06
    0.4047000000        1.7610400000        0.1950000000E-06
    0.4310000000        1.7557000000        0.1700000000E-06
    0.4358000000        1.7547100000        0.1650000000E-06
    0.4579000000        1.7512000000        0.1450000000E-06
    0.4780000000        1.7483000000        0.1150000000E-06
    0.4861000000        1.7471100000        0.1000000000E-06
    0.4880000000        1.7469000000        0.9750000000E-07
    0.5000000000        1.7454000000        0.8250000000E-07
    0.5024000000        1.7453000000        0.8000000000E-07
    0.5085000000        1.7444600000        0.7000000000E-07
    0.5145000000        1.7439000000        0.6550000000E-07
    0.5461000000        1.7407700000       -0.0001000000
    0.5893000000        1.7373700000       -0.0001000000
    0.6328000000        1.7346000000       -0.0001000000
    0.6438000000        1.7340000000       -0.0001000000
    0.6563000000        1.7333500000       -0.0001000000
    0.6678000000        1.7327700000       -0.0001000000
    0.6907000000        1.7319100000       -0.0001000000
    0.7065000000        1.7310100000       -0.0001000000
    0.7679000000        1.7287200000       -0.0001000000
    1.0000000000        1.7229000000       -0.0001000000
    1.0139800000        1.7225900000       -0.0001000000
    1.0600000000        1.7217000000       -0.0001000000
    1.1286600000        1.7205900000       -0.0001000000
    1.3190000000        1.7177000000        0.7100000000E-07
    1.3672800000        1.7171500000       -0.0001000000
    1.5000000000        1.7153000000       -0.0001000000
    1.5295200000        1.7149600000       -0.0001000000
    1.5500000000        1.7147000000       -0.0001000000
    1.6932000000        1.7128100000       -0.0001000000
    1.7092000000        1.7125800000       -0.0001000000
    1.8130700000        1.7110800000       -0.0001000000
    1.9700900000        1.7088500000       -0.0001000000
    2.0000000000        1.7085000000       -0.0001000000
    2.2492900000        1.7047000000       -0.0001000000
    2.3254200000        1.7035000000       -0.0001000000
    2.5000000000        1.7007000000       -0.0001000000
    2.7000000000        1.6973000000        0.1100000000E-06
    2.8000000000        1.6954000000       -0.0001000000
    3.0000000000        1.6915000000       -0.0001000000
    3.3033000000        1.6852600000       -0.0001000000
    3.3330000000        1.6846000000       -0.0001000000
    3.4480000000        1.6820000000       -0.0001000000
    3.5000000000        1.6806000000       -0.0001000000
    3.5078000000        1.6805500000       -0.0001000000
    3.5710000000        1.6791000000       -0.0001000000
    3.7040000000        1.6758000000       -0.0001000000
    3.8000000000        1.6734000000        0.2000000000E-07
    3.8460000000        1.6722000000       -0.0001000000
    4.0000000000        1.6679000000        0.3700000000E-07
    4.1670000000        1.6634000000        0.7400000000E-07
    4.2580000000        1.6603900000        0.1000000000E-06
    4.3480000000        1.6581000000        0.1500000000E-06
    4.5000000000        1.6533000000        0.2500000000E-06
    4.5450000000        1.6520000000        0.2900000000E-06
    4.7620000000        1.6450000000        0.5800000000E-06
    5.0000000000        1.6373000000        0.1200000000E-05
    5.1280000000        1.6328000000        0.1630000000E-05
    5.2080000000        1.6299000000        0.2000000000E-05
    5.2630000000        1.6278000000        0.2300000000E-05
    5.3190000000        1.6256000000        0.2700000000E-05
    5.3760000000        1.6233000000        0.3100000000E-05
    5.4350000000        1.6210000000        0.3500000000E-05
    5.4950000000        1.6186000000        0.4000000000E-05
    5.5550000000        1.6161000000        0.4600000000E-05
    5.6180000000        1.6135000000        0.5300000000E-05
    5.6820000000        1.6108000000        0.6100000000E-05
    5.7470000000        1.6080000000        0.7100000000E-05
    5.8140000000        1.6051000000        0.8100000000E-05
    5.8820000000        1.6021000000        0.9000000000E-05
    5.9520000000        1.5989000000        0.1100000000E-04
    6.0240000000        1.5957000000        0.1200000000E-04
    6.0980000000        1.5922000000        0.1400000000E-04
    6.1720000000        1.5887000000        0.1600000000E-04
    6.2500000000        1.5849000000        0.1830000000E-04
    6.3290000000        1.5811000000        0.2200000000E-04
    6.4100000000        1.5770000000        0.2500000000E-04
    6.4940000000        1.5727000000        0.2900000000E-04
    6.5790000000        1.5683000000        0.3300000000E-04
    6.6670000000        1.5636000000        0.4600000000E-04
    6.7570000000        1.5510000000        0.5380000000E-04
    6.8490000000        1.5536000000        0.5980000000E-04
    6.9440000000        1.5480000000        0.7000000000E-04
    7.0420000000        1.5430000000        0.7890000000E-04
    7.1430000000        1.5370000000        0.8590000000E-04
    7.2460000000        1.5300000000        0.9300000000E-04
    7.3520000000        1.5240000000        0.1030000000E-03
    7.4630000000        1.5170000000        0.1150000000E-03
    7.5760000000        1.5090000000        0.1310000000E-03
    7.6920000000        1.5020000000        0.1540000000E-03
    7.8120000000        1.4930000000        0.1840000000E-03
    7.9360000000        1.4850000000        0.2110000000E-03
    8.0650000000        1.4750000000        0.2470000000E-03
    8.1970000000        1.4650000000        0.2730000000E-03
    8.3330000000        1.4550000000        0.3090000000E-03
    8.4750000000        1.4430000000        0.3260000000E-03
    8.6210000000        1.4310000000        0.3520000000E-03
    8.7720000000        1.4180000000        0.4140000000E-03
    8.9290000000        1.4040000000        0.5760000000E-03
    9.0910000000        1.3890000000        0.6270000000E-03
    9.2590000000        1.3730000000        0.8470000000E-03
    9.4340000000        1.3550000000        0.1070000000E-02
    9.5240000000        1.3460000000        0.1330000000E-02
    9.6150000000        1.3360000000        0.1580000000E-02
    9.7090000000        1.3260000000        0.1920000000E-02
    9.8040000000        1.3150000000        0.2440000000E-02
    9.9010000000        1.3040000000        0.3020000000E-02
   10.0000000000        1.2920000000        0.3900000000E-02
   10.1000000000        1.2800000000        0.4700000000E-02
   10.2000000000        1.2670000000        0.5130000000E-02
   10.3100000000        1.2530000000        0.4290000000E-02
   10.4200000000        1.2390000000        0.3550000000E-02
   10.5300000000        1.2240000000        0.3400000000E-02
   10.6400000000        1.2090000000        0.3700000000E-02
   10.7500000000        1.1910000000        0.4580000000E-02
   10.8700000000        1.1740000000        0.5910000000E-02
   10.9900000000        1.1550000000        0.7800000000E-02
   11.1100000000        1.1350000000        0.1020000000E-01
   11.2400000000        1.1140000000        0.1370000000E-01
   11.3600000000        1.0910000000        0.1620000000E-01
   11.4900000000        1.0670000000        0.1960000000E-01
   11.6300000000        1.0410000000        0.2230000000E-01
   11.7000000000        1.0270000000        0.2290000000E-01
   11.7600000000        1.0130000000        0.2270000000E-01
   11.9000000000        0.9820000000        0.2050000000E-01
   12.0500000000        0.9490000000        0.1710000000E-01
   12.2000000000        0.9130000000        0.1470000000E-01
   12.2700000000        0.8930000000        0.1430000000E-01
   12.3500000000        0.8730000000        0.1460000000E-01
   12.5000000000        0.8290000000        0.1670000000E-01
   12.6600000000        0.7800000000        0.2360000000E-01
   12.8200000000        0.7240000000        0.2950000000E-01
   12.9900000000        0.6600000000        0.3460000000E-01
   13.3300000000        0.5030000000        0.4750000000E-01
   13.5100000000        0.3930000000        0.9130000000E-01
   13.7000000000        0.2670000000        0.1720000000
   13.8900000000        0.1560000000        0.3170000000
   14.0800000000        0.1390000000        0.4780000000
   14.2900000000        0.1320000000        0.5950000000
   14.4900000000        0.1340000000        0.6920000000
   14.7100000000        0.1360000000        0.7870000000
   14.9300000000        0.1430000000        0.8770000000
   15.1500000000        0.1540000000        0.9550000000
   15.3800000000        0.1550000000        1.0300000000
   15.6300000000        0.1510000000        1.0900000000
   15.8700000000        0.1350000000        1.1700000000
   16.1300000000        0.1160000000        1.2600000000
   16.3900000000        0.1080000000        1.3500000000
   16.6700000000        0.0980000000        1.4500000000
   16.9500000000        0.0860000000        1.5600000000
   17.2400000000        0.0870000000        1.6700000000
   17.5400000000        0.0860000000        1.7800000000
   17.8600000000        0.0880000000        1.9000000000
   18.1800000000        0.0890000000        2.0300000000
   18.5200000000        0.0910000000        2.1600000000
   18.8700000000        0.0930000000        2.3100000000
   19.2300000000        0.0970000000        2.4700000000
   19.6100000000        0.1020000000        2.6400000000
   20.0000000000        0.1090000000        2.8400000000
   20.4100000000        0.1190000000        3.0600000000
   20.8300000000        0.1310000000        3.3100000000
   21.2800000000        0.1480000000        3.6000000000
   21.7400000000        0.1700000000        3.9500000000
   22.2200000000        0.2070000000        4.3900000000
   22.7300000000        0.2610000000        4.9500000000
   23.2600000000        0.3620000000        5.7100000000
   23.8100000000        0.5430000000        6.8600000000
   24.3900000000        1.0100000000        8.9700000000
   25.0000000000        5.0500000000       15.2000000000
   25.6400000000       13.5000000000        4.0600000000
   26.3200000000        9.2800000000        1.0200000000
   27.0300000000        7.4400000000        0.5600000000
   27.7800000000        6.4600000000        0.3790000000
   28.5700000000        5.8300000000        0.2660000000
   29.4100000000        5.3500000000        0.2080000000
   30.3000000000        5.0300000000        0.1680000000
   31.2500000000        4.7400000000        0.1290000000
   32.2600000000        4.5100000000        0.1260000000
   33.3300000000        4.3600000000        0.1130000000
   37.0400000000        3.9700000000        0.2900000000E-01
   38.4600000000        3.8700000000        0.2760000000E-01
   40.0000000000        3.7800000000        0.2650000000E-01
   41.6700000000        3.7100000000        0.2540000000E-01
   43.4700000000        3.6400000000        0.2330000000E-01
   45.4600000000        3.5800000000        0.2150000000E-01
   47.6200000000        3.5300000000        0.2140000000E-01
   50.0000000000        3.4800000000        0.2180000000E-01
   52.6300000000        3.4400000000        0.2200000000E-01
   55.5600000000        3.4000000000        0.2360000000E-01
   58.8200000000        3.3700000000        0.2550000000E-01
   62.5000000000        3.3400000000        0.2460000000E-01
   66.6700000000        3.3100000000        0.2800000000E-01
   71.4300000000        3.2800000000        0.2990000000E-01
   76.9200000000        3.2600000000        0.3130000000E-01
   83.3300000000        3.2400000000        0.3380000000E-01
   90.9100000000        3.2200000000        0.3870000000E-01
   95.2400000000        3.2100000000        0.4550000000E-01
  100.0000000000        3.2000000000        0.3560000000E-01
  105.2000000000        3.2000000000        0.2360000000E-01
  111.1000000000        3.1900000000        0.1460000000E-01
  117.6000000000        3.1800000000        0.6200000000E-02
  125.0000000000        3.1780000000        0.4800000000E-02
  133.3000000000        3.1720000000        0.3900000000E-02
  142.9000000000        3.1670000000        0.3420000000E-02
  153.8000000000        3.1620000000        0.3150000000E-02
  166.7000000000        3.1570000000        0.2800000000E-02
  181.8000000000        3.1530000000        0.2530000000E-02
  200.0000000000        3.1490000000        0.2280000000E-02
  222.2000000000        3.1460000000        0.2000000000E-02
  250.0000000000        3.1430000000        0.1790000000E-02
  285.7000000000        3.1400000000        0.1510000000E-02
  333.3000000000        3.1380000000        0.1210000000E-02
  400.0000000000        3.1360000000        0.9800000000E-03
  500.0000000000        3.1340000000        0.7300000000E-03
  625.0000000000        3.1330000000        0.5800000000E-03
