 108     wl [mu]                   n                   k
    0.2200000000        1.6599800000        0.0000000000
    0.2400000000        1.6418700000        0.0000000000
    0.2600000000        1.6260800000        0.0000000000
    0.2800000000        1.6149800000        0.0000000000
    0.3000000000        1.6061600000        0.0000000000
    0.3200000000        1.5975200000        0.0001200000
    0.3400000000        1.5924400000        0.0000560000
    0.3600000000        1.5912200000        0.0000320000
    0.3800000000        1.5900400000        0.0000230000
    0.4000000000        1.5874700000        0.0000200000
    0.4200000000        1.5862500000        0.0000200000
    0.4500000000        1.5833100000        0.0000200000
    0.5000000000        1.5771100000        0.0000210000
    0.5500000000        1.5761200000        0.0000220000
    0.6000000000        1.5730100000        0.0000240000
    0.6500000000        1.5694600000        0.0000260000
    0.7000000000        1.5661100000        0.0000270000
    0.7500000000        1.5666300000        0.0000290000
    0.8000000000        1.5644500000        0.0000310000
    0.9000000000        1.5617600000        0.0000340000
    1.0000000000        1.5594500000        0.0000370000
    1.1000000000        1.5547200000        0.0000390000
    1.2000000000        1.5507000000        0.0000410000
    1.3000000000        1.5458000000        0.0000430000
    1.4000000000        1.5490200000        0.0000450000
    1.5000000000        1.5403700000        0.0000460000
    1.6000000000        1.5400500000        0.0000480000
    1.7000000000        1.5385300000        0.0000490000
    1.8000000000        1.5366200000        0.0000510000
    1.9000000000        1.5305300000        0.0000530000
    2.0000000000        1.5279900000        0.0000550000
    2.2000000000        1.5330600000        0.0000580000
    2.4000000000        1.5244700000        0.0000590000
    2.6000000000        1.5236600000        0.0000620000
    2.8000000000        1.5227700000        0.0000650000
    3.0000000000        1.5184400000        0.0000690000
    3.5000000000        1.5124600000        0.0000770000
    4.0000000000        1.5081200000        0.0000980000
    4.5000000000        1.4989000000        0.0002540000
    5.0000000000        1.4831300000        0.0017170000
    5.5000000000        1.4597500000        0.0029910000
    6.0000000000        1.4274300000        0.0030630000
    6.5000000000        1.3899000000        0.0036180000
    7.0000000000        1.3473600000        0.0046790000
    7.5000000000        1.2728900000        0.0075760000
    8.0000000000        1.1261100000        0.0800000000
    8.2000000000        1.0335900000        0.1729190000
    8.4000000000        0.9640290000        0.2824790000
    8.6000000000        0.9347950000        0.4051380000
    8.8000000000        0.9272770000        0.5371800000
    9.0000000000        0.9456100000        0.6833680000
    9.2000000000        1.0209000000        0.8383770000
    9.4000000000        1.1356300000        0.9699200000
    9.6000000000        1.2918300000        1.0636600000
    9.8000000000        1.4679800000        1.1071100000
   10.0000000000        1.6385300000        1.0896700000
   10.2000000000        1.7817900000        1.0365000000
   10.4000000000        1.9015600000        0.9630280000
   10.6000000000        1.9952300000        0.8802210000
   10.8000000000        2.0756400000        0.7817470000
   11.0000000000        2.1202200000        0.6644830000
   11.2000000000        2.1444700000        0.5506490000
   11.4000000000        2.1410600000        0.4393050000
   11.6000000000        2.1151900000        0.3259750000
   11.8000000000        2.0539600000        0.2331260000
   12.0000000000        1.9674200000        0.1725640000
   12.5000000000        1.7951600000        0.1564620000
   13.0000000000        1.7094300000        0.1801310000
   13.5000000000        1.6583800000        0.1917910000
   14.0000000000        1.5998400000        0.2020590000
   14.5000000000        1.5421000000        0.2078840000
   15.0000000000        1.4637100000        0.2271950000
   15.5000000000        1.3628000000        0.2883650000
   16.0000000000        1.2760000000        0.4008270000
   16.5000000000        1.2444200000        0.5408140000
   17.0000000000        1.2627700000        0.6873010000
   17.5000000000        1.3233000000        0.8122350000
   18.0000000000        1.4097700000        0.9131930000
   18.5000000000        1.5139600000        0.9782020000
   19.0000000000        1.6161300000        1.0131900000
   19.5000000000        1.7132300000        1.0231100000
   20.0000000000        1.7938200000        1.0163300000
   21.0000000000        1.9159200000        0.9767490000
   22.0000000000        1.9925000000        0.9353880000
   23.0000000000        2.0495000000        0.9042870000
   24.0000000000        2.0949500000        0.8842550000
   25.0000000000        2.1416300000        0.8667960000
   26.0000000000        2.1824500000        0.8474260000
   27.0000000000        2.2240800000        0.8315980000
   28.0000000000        2.2633800000        0.8125550000
   29.0000000000        2.2988700000        0.7950100000
   30.0000000000        2.3331700000        0.7739470000
   32.0000000000        2.3953900000        0.7269500000
   34.0000000000        2.4440400000        0.6726970000
   36.0000000000        2.4703500000        0.6186770000
   38.0000000000        2.4938300000        0.5721540000
   40.0000000000        2.5039700000        0.5315110000
   45.0000000000        2.5171300000        0.4628870000
   50.0000000000        2.5280100000        0.4160750000
   55.0000000000        2.5420100000        0.3770170000
   60.0000000000        2.5493400000        0.3490090000
   65.0000000000        2.5575200000        0.3170480000
   70.0000000000        2.5616100000        0.3007620000
   75.0000000000        2.5718400000        0.2818300000
   80.0000000000        2.5798500000        0.2550080000
  100.0000000000        2.5800000000        0.2000000000
  200.0000000000        2.5800000000        0.1000000000
  500.0000000000        2.5800000000        0.0400000000
