  79       wl [mu]                   n                   k
    0.0495900000        0.8690000000        0.2717000000
    0.0516600000        0.8444000000        0.3060000000
    0.0539100000        0.8371000000        0.3505000000
    0.0551000000        0.8391000000        0.3761000000
    0.0563600000        0.8454000000        0.3987000000
    0.0576700000        0.8519000000        0.4222000000
    0.0590400000        0.8610000000        0.4456000000
    0.0604800000        0.8721000000        0.4688000000
    0.0619900000        0.8853000000        0.4919000000
    0.0635800000        0.9007000000        0.5140000000
    0.0652600000        0.9178000000        0.5362000000
    0.0670200000        0.9376000000        0.5578000000
    0.0688800000        0.9596000000        0.5771000000
    0.0708500000        0.9825000000        0.5961000000
    0.0729300000        1.0080000000        0.6147000000
    0.0751400000        1.0360000000        0.6309000000
    0.0774900000        1.0660000000        0.6453000000
    0.0799900000        1.0980000000        0.6566000000
    0.0826600000        1.1320000000        0.6651000000
    0.0855100000        1.1660000000        0.6692000000
    0.0885600000        1.1990000000        0.6698000000
    0.0918400000        1.2310000000        0.6666000000
    0.0953700000        1.2590000000        0.6602000000
    0.0991900000        1.2830000000        0.6523000000
    0.1033000000        1.3070000000        0.6464000000
    0.1078000000        1.3110000000        0.6293000000
    0.1127000000        1.3200000000        0.6529000000
    0.1181000000        1.3450000000        0.6701000000
    0.1240000000        1.3780000000        0.6843000000
    0.1305000000        1.4120000000        0.6920000000
    0.1378000000        1.4450000000        0.7002000000
    0.1459000000        1.4820000000        0.7153000000
    0.1550000000        1.5300000000        0.7333000000
    0.1653000000        1.5930000000        0.7473000000
    0.1771000000        1.6670000000        0.7479000000
    0.1907000000        1.7460000000        0.7348000000
    0.2066000000        1.8290000000        0.7084000000
    0.2156000000        1.8710000000        0.6890000000
    0.2254000000        1.9140000000        0.6663000000
    0.2362000000        1.9570000000        0.6383000000
    0.2480000000        2.0010000000        0.6052000000
    0.2583000000        2.0340000000        0.5723000000
    0.2695000000        2.0660000000        0.5364000000
    0.2818000000        2.0940000000        0.4948000000
    0.2952000000        2.1190000000        0.4499000000
    0.3100000000        2.1410000000        0.4006000000
    0.3263000000        2.1570000000        0.3453000000
    0.3444000000        2.1620000000        0.2872000000
    0.3647000000        2.1600000000        0.2287000000
    0.3875000000        2.1440000000        0.1706000000
    0.4133000000        2.1160000000        0.1211000000
    0.4428000000        2.0850000000        0.0837400000
    0.4769000000        2.0530000000        0.0554400000
    0.5166000000        2.0210000000        0.0353300000
    0.5636000000        1.9940000000        0.0215300000
    0.6199000000        1.9690000000        0.0117500000
    0.6888000000        1.9480000000        0.0052300000
    0.7749000000        1.9290000000        0.0015100000
    0.8856000000        1.9130000000       -0.0001000000
    1.0000000000        1.8700000000       -0.0001000000
    2.0000000000        1.8400000000       -0.0001000000
    3.0000000000        1.8200000000       -0.0001000000
    4.0000000000        1.8000000000       -0.0001000000
    5.0000000000        1.7500000000       -0.0001000000
    6.0000000000        1.7000000000       -0.0001000000
    7.0000000000        1.6000000000       -0.0001000000
    7.5000000000        1.4200000000       -0.0001000000
    8.0000000000        1.1500000000       -0.0001000000
    8.5000000000        0.9000000000        0.1800000000
    9.0000000000        0.9100000000        0.7500000000
    9.5000000000        1.2000000000        1.2000000000
   10.0000000000        2.0000000000        1.3800000000
   10.5000000000        2.8500000000        0.9000000000
   10.7500000000        2.8600000000        0.5800000000
   11.0000000000        2.8200000000        0.4000000000
   11.5000000000        2.5000000000        0.2000000000
   12.0000000000        2.1300000000        0.1400000000
   13.0000000000        2.0400000000        0.2000000000
   14.0000000000        2.0100000000        0.3000000000
