 !
 ! MARCS output file to be read in by DRIFT
 !
 !
 ! Model parameters: Teff, logg, mixing, overshoot:
    4000.000        4.500        2.000        2.200
 !
 ! Number of atmosphere layers:
   48
 !
 ! Number of elements in abundances table:
   48
 !
 ! Z of the considered elements:
    1     2     3     4     5     6     7     8
    9    10    11    12    13    14    15    16
   17    18    19    20    22    23    24    25
   26    27    28    29    30    31    35    36
   37    38    40    41    42    53    54    55
   56    72    73    74    80    82    92    02
 !
 !  #        Rad [cm]        Temp [K] Pgas [dyn cm-2]     Ro [g cm-3]      g [cm s-2] v_conv [cm s-1]  Flag        mu [amu]
    1  0.20608340E+11  0.28987869E+04  0.43359073E+03  0.27738223E-08  0.31534037E+05  0.00000000E+00     F  0.12799392E+01
    2  0.20607345E+11  0.29196047E+04  0.53173390E+03  0.32523607E-08  0.31535560E+05  0.00000000E+00     F  0.12819304E+01
    3  0.20606349E+11  0.29415734E+04  0.65311669E+03  0.38542933E-08  0.31537084E+05  0.00000000E+00     F  0.12839158E+01
    4  0.20605336E+11  0.29636618E+04  0.80322275E+03  0.46108887E-08  0.31538635E+05  0.00000000E+00     F  0.12861020E+01
    5  0.20604286E+11  0.29855874E+04  0.98834697E+03  0.55531436E-08  0.31540241E+05  0.00000000E+00     F  0.12885468E+01
    6  0.20603176E+11  0.30070799E+04  0.12161843E+04  0.67186201E-08  0.31541941E+05  0.00000000E+00     F  0.12913227E+01
    7  0.20601985E+11  0.30279863E+04  0.14960633E+04  0.81524329E-08  0.31543764E+05  0.00000000E+00     F  0.12944896E+01
    8  0.20600723E+11  0.30482494E+04  0.18392990E+04  0.99093002E-08  0.31545697E+05  0.00000000E+00     F  0.12980962E+01
    9  0.20599447E+11  0.30679095E+04  0.22595761E+04  0.12055563E-07  0.31547651E+05  0.00000000E+00     F  0.13021731E+01
   10  0.20598223E+11  0.30870716E+04  0.27734307E+04  0.14671914E-07  0.31549526E+05  0.00000000E+00     F  0.13067348E+01
   11  0.20597073E+11  0.31058697E+04  0.34008636E+04  0.17856727E-07  0.31551287E+05  0.00000000E+00     F  0.13117843E+01
   12  0.20595983E+11  0.31244417E+04  0.41661103E+04  0.21730328E-07  0.31552957E+05  0.00000000E+00     F  0.13173177E+01
   13  0.20594923E+11  0.31428481E+04  0.50984384E+04  0.26441060E-07  0.31554581E+05  0.00000000E+00     F  0.13233502E+01
   14  0.20593863E+11  0.31627919E+04  0.62306270E+04  0.32167293E-07  0.31556205E+05  0.00000000E+00     F  0.13292319E+01
   15  0.20592778E+11  0.31826339E+04  0.76018698E+04  0.39121456E-07  0.31557868E+05  0.00000000E+00     F  0.13355294E+01
   16  0.20591649E+11  0.32026090E+04  0.92641137E+04  0.47567771E-07  0.31559599E+05  0.00000000E+00     F  0.13421950E+01
   17  0.20590466E+11  0.32228967E+04  0.11282349E+05  0.57837794E-07  0.31561411E+05  0.00000000E+00     F  0.13491966E+01
   18  0.20589230E+11  0.32436642E+04  0.13736744E+05  0.70339027E-07  0.31563307E+05  0.00000000E+00     F  0.13564930E+01
   19  0.20587938E+11  0.32651687E+04  0.16726549E+05  0.85567115E-07  0.31565287E+05  0.00000000E+00     F  0.13639874E+01
   20  0.20586595E+11  0.32878015E+04  0.20374992E+05  0.10412035E-06  0.31567346E+05  0.00000000E+00     F  0.13714979E+01
   21  0.20585212E+11  0.33133267E+04  0.24830669E+05  0.12670995E-06  0.31569466E+05  0.00000000E+00     F  0.13780915E+01
   22  0.20583808E+11  0.33437208E+04  0.30263332E+05  0.15418149E-06  0.31571620E+05  0.00000000E+00     F  0.13826167E+01
   23  0.20582407E+11  0.33776193E+04  0.36880913E+05  0.18753090E-06  0.31573768E+05  0.00000000E+00     F  0.13857120E+01
   24  0.20581057E+11  0.34179109E+04  0.44958915E+05  0.22754666E-06  0.31575841E+05  0.00000000E+00     F  0.13859698E+01
   25  0.20579746E+11  0.34586961E+04  0.54826865E+05  0.27621863E-06  0.31577851E+05  0.00000000E+00     F  0.13864948E+01
   26  0.20578453E+11  0.35159512E+04  0.67096405E+05  0.32906867E-06  0.31579835E+05  0.49750874E+04     T  0.13800239E+01
   27  0.20577175E+11  0.35946939E+04  0.82208510E+05  0.39032117E-06  0.31581798E+05  0.14938057E+05     T  0.13656811E+01
   28  0.20575903E+11  0.36791973E+04  0.10007658E+06  0.45973146E-06  0.31583749E+05  0.23082336E+05     T  0.13512666E+01
   29  0.20574638E+11  0.37693190E+04  0.12065042E+06  0.53602560E-06  0.31585691E+05  0.30151952E+05     T  0.13371176E+01
   30  0.20573379E+11  0.38655841E+04  0.14374172E+06  0.61735777E-06  0.31587624E+05  0.35084220E+05     T  0.13234589E+01
   31  0.20572123E+11  0.39677925E+04  0.16909432E+06  0.70139514E-06  0.31589552E+05  0.36877427E+05     T  0.13107742E+01
   32  0.20570870E+11  0.40774636E+04  0.19647377E+06  0.78550065E-06  0.31591478E+05  0.40172064E+05     T  0.12991686E+01
   33  0.20569615E+11  0.42004447E+04  0.22559115E+06  0.86703926E-06  0.31593404E+05  0.46593119E+05     T  0.12882997E+01
   34  0.20568358E+11  0.43387571E+04  0.25612668E+06  0.94421750E-06  0.31595335E+05  0.52799877E+05     T  0.12786776E+01
   35  0.20567095E+11  0.44926815E+04  0.28800040E+06  0.10168531E-05  0.31597276E+05  0.59054006E+05     T  0.12707465E+01
   36  0.20565824E+11  0.46625230E+04  0.32151418E+06  0.10860136E-05  0.31599229E+05  0.65250055E+05     T  0.12645769E+01
   37  0.20564546E+11  0.48497972E+04  0.35737186E+06  0.11534393E-05  0.31601193E+05  0.70914217E+05     T  0.12599546E+01
   38  0.20563263E+11  0.50571720E+04  0.39665045E+06  0.12213094E-05  0.31603163E+05  0.75568977E+05     T  0.12565785E+01
   39  0.20561977E+11  0.52876623E+04  0.44066172E+06  0.12919890E-05  0.31605140E+05  0.79181942E+05     T  0.12541711E+01
   40  0.20560689E+11  0.55411055E+04  0.49036813E+06  0.13672909E-05  0.31607121E+05  0.82450616E+05     T  0.12525125E+01
   41  0.20559398E+11  0.58075918E+04  0.54509589E+06  0.14467049E-05  0.31609104E+05  0.86447806E+05     T  0.12514176E+01
   42  0.20558108E+11  0.60692876E+04  0.60209473E+06  0.15265711E-05  0.31611088E+05  0.91391182E+05     T  0.12507061E+01
   43  0.20556820E+11  0.63135386E+04  0.65864451E+06  0.16033591E-05  0.31613069E+05  0.96113945E+05     T  0.12502202E+01
   44  0.20555536E+11  0.65388621E+04  0.71396854E+06  0.16765220E-05  0.31615043E+05  0.99488884E+05     T  0.12498510E+01
   45  0.20554259E+11  0.67494257E+04  0.76868252E+06  0.17473463E-05  0.31617007E+05  0.10142813E+06     T  0.12495342E+01
   46  0.20552994E+11  0.69498389E+04  0.82376446E+06  0.18173926E-05  0.31618954E+05  0.10230464E+06     T  0.12492317E+01
   47  0.20551743E+11  0.71437188E+04  0.88016511E+06  0.18880354E-05  0.31620878E+05  0.10244283E+06     T  0.12489187E+01
   48  0.20550509E+11  0.73336634E+04  0.93874181E+06  0.19604479E-05  0.31622777E+05  0.10219390E+06     T  0.12485765E+01
 !
 ! Initial Element abundances for each Z:
 12.00 10.93  1.05  1.38  2.70  8.39  7.78  8.66
  4.56  7.84  6.17  7.53  6.37  7.51  5.36  7.14
  5.50  6.18  5.08  6.31  4.90  4.00  5.64  5.39
  7.45  4.92  6.23  4.21  4.60  2.88  2.56  3.25
  2.60  2.92  2.58  1.42  1.92  1.51  2.24  1.12
  2.17  0.88  0.13  1.11  1.09  2.00 -0.47
